88.49166667 34.39166667 35.30528377
88.49166667 34.37500000 35.32195043
88.49166667 34.35833333 35.33861710
88.49166667 34.25833333 35.48980156
88.49166667 34.24166667 35.50646823
88.49166667 34.22500000 35.52313490
88.49166667 34.20833333 35.53980156
88.49166667 34.19166667 35.55646823
88.49166667 34.17500000 35.57313490
88.49166667 34.15833333 35.58980156
88.49166667 34.14166667 35.60646823
88.49166667 34.12500000 35.62313490
88.49166667 34.10833333 35.63980156
88.49166667 34.09166667 35.65646823
88.49166667 34.07500000 35.67313490
88.50833333 34.39166667 35.28861710
88.50833333 34.34166667 35.36218733
88.50833333 34.27500000 35.46623134
88.52500000 34.40833333 35.26504687
88.52500000 34.32500000 35.38575755
88.52500000 34.29166667 35.44266111
88.54166667 34.40833333 35.24838021
88.54166667 34.30833333 35.40932778
88.54166667 34.29166667 35.42599445
88.55833333 34.42500000 35.22480998
88.57500000 34.42500000 35.20814332
88.59166667 34.42500000 35.19147665
88.60833333 34.42500000 35.17480998
88.62500000 34.42500000 35.15814332
88.64166667 34.42500000 35.14147665
88.65833333 34.44166667 35.11790642
88.67500000 34.44166667 35.10123976
88.69166667 34.45833333 35.07766953
88.70833333 34.45833333 35.06100286
88.72500000 34.45833333 35.04433620
88.74166667 34.45833333 35.02766953
88.75833333 34.45833333 35.01100286
88.77500000 34.45833333 34.99433620
88.79166667 34.45833333 34.97766953
88.80833333 34.45833333 34.96100286
88.82500000 34.45833333 34.94433620
88.84166667 34.45833333 34.92766953
88.85833333 34.47500000 34.90409930
88.87500000 34.49166667 34.88052908
88.89166667 34.50833333 34.85695885
88.90833333 34.52500000 34.83338863
88.92500000 34.54166667 34.80981840
88.94166667 34.55833333 34.78624817
88.95833333 34.57500000 34.76267795
88.97500000 34.59166667 34.73910772
88.99166667 34.60833333 34.71553750
89.00833333 34.60833333 34.69887083
89.02500000 34.60833333 34.68220416
89.04166667 34.60833333 34.66553750
89.05833333 34.60833333 34.64887083
89.07500000 34.60833333 34.63220416
89.09166667 34.60833333 34.61553750
89.10833333 34.60833333 34.59887083
89.12500000 34.62500000 34.57530060
89.14166667 34.64166667 34.55173038
89.15833333 34.65833333 34.52816015
89.17500000 34.65833333 34.51149348
89.19166667 34.70833333 34.44078281
89.19166667 34.67500000 34.48792326
89.20833333 34.72500000 34.41721258
89.20833333 34.69166667 34.46435303
89.22500000 34.74166667 34.39364235
89.24166667 34.75833333 34.37007213
89.25833333 34.89166667 34.20222100
89.25833333 34.77500000 34.34650190
89.27500000 34.92500000 34.16198410
89.27500000 34.90833333 34.17865077
89.27500000 34.87500000 34.22579122
89.27500000 34.79166667 34.32293168
89.29166667 34.94166667 34.13841388
89.29166667 34.85833333 34.24936145
89.29166667 34.84166667 34.26602812
89.29166667 34.82500000 34.28269478
89.29166667 34.80833333 34.29936145
89.30833333 34.97500000 34.09817699
89.30833333 34.95833333 34.11484365
89.32500000 34.99166667 34.07460676
89.34166667 35.10833333 33.93722942
89.34166667 35.09166667 33.95389608
89.34166667 35.00833333 34.05103653
89.35833333 35.15833333 33.88032586
89.35833333 35.14166667 33.89699252
89.35833333 35.12500000 33.91365919
89.35833333 35.07500000 33.97746631
89.35833333 35.05833333 33.99413297
89.35833333 35.04166667 34.01079964
89.35833333 35.02500000 34.02746631
89.37500000 35.17500000 33.85675563
89.39166667 35.19166667 33.83318540
89.40833333 35.20833333 33.80961518
89.42500000 35.22500000 33.78604495
89.44166667 35.24166667 33.76247473
89.45833333 35.25833333 33.73890450
89.47500000 35.27500000 33.71533427
89.49166667 35.27500000 33.69866761
89.50833333 35.27500000 33.68200094
89.52500000 35.27500000 33.66533427
89.54166667 35.27500000 33.64866761
89.55833333 35.27500000 33.63200094
89.57500000 35.27500000 33.61533427
89.59166667 35.27500000 33.59866761
89.60833333 35.27500000 33.58200094
89.62500000 35.27500000 33.56533427
89.64166667 35.27500000 33.54866761
89.65833333 35.27500000 33.53200094
89.67500000 35.25833333 33.50843071
89.69166667 35.25833333 33.49176405
89.70833333 35.24166667 33.46819382
89.72500000 35.24166667 33.45152715
89.74166667 35.24166667 33.43486049
89.75833333 35.24166667 33.41819382
89.77500000 35.24166667 33.40152715
89.79166667 35.24166667 33.38486049
89.80833333 35.24166667 33.36819382
89.82500000 35.22500000 33.34462360
89.84166667 35.20833333 33.32105337
89.85833333 35.20833333 33.30438670
89.87500000 35.20833333 33.28772004
89.89166667 35.20833333 33.27105337
89.90833333 35.20833333 33.25438670
89.92500000 35.20833333 33.23772004
89.94166667 35.20833333 33.22105337
89.95833333 35.20833333 33.20438670
89.97500000 35.20833333 33.18772004
89.99166667 35.20833333 33.17105337
90.00833333 35.20833333 33.15438670
90.02500000 35.20833333 33.13772004
90.04166667 35.20833333 33.12105337
90.05833333 35.20833333 33.10438670
90.07500000 35.20833333 33.08772004
90.09166667 35.20833333 33.07105337
90.10833333 35.20833333 33.05438670
90.12500000 35.20833333 33.03772004
90.14166667 35.20833333 33.02105337
90.15833333 35.20833333 33.00438670
90.17500000 35.20833333 32.98772004
90.19166667 35.20833333 32.97105337
90.20833333 35.20833333 32.95438670
90.22500000 35.20833333 32.93772004
90.24166667 35.20833333 32.92105337
90.25833333 35.20833333 32.90438670
90.27500000 35.20833333 32.88772004
90.29166667 35.20833333 32.87105337
90.30833333 35.20833333 32.85438670
90.32500000 35.20833333 32.83772004
90.34166667 35.20833333 32.82105337
90.35833333 35.20833333 32.80438670
90.37500000 35.20833333 32.78772004
90.39166667 35.20833333 32.77105337
90.40833333 35.20833333 32.75438670
90.42500000 35.20833333 32.73772004
90.44166667 35.20833333 32.72105337
90.45833333 35.20833333 32.70438670
90.47500000 35.20833333 32.68772004
90.49166667 35.20833333 32.67105337
90.50833333 35.20833333 32.65438670
90.52500000 35.20833333 32.63772004
90.54166667 35.20833333 32.62105337
90.55833333 35.20833333 32.60438670
90.57500000 35.20833333 32.58772004
90.59166667 35.20833333 32.57105337
90.60833333 35.20833333 32.55438670
90.62500000 35.20833333 32.53772004
90.64166667 35.20833333 32.52105337
90.65833333 35.20833333 32.50438670
90.67500000 35.20833333 32.48772004
90.69166667 35.20833333 32.47105337
90.70833333 35.20833333 32.45438670
90.72500000 35.20833333 32.43772004
90.74166667 35.20833333 32.42105337
90.75833333 35.20833333 32.40438670
90.77500000 35.20833333 32.38772004
90.79166667 35.20833333 32.37105337
90.80833333 35.20833333 32.35438670
90.82500000 35.20833333 32.33772004
90.84166667 35.20833333 32.32105337
90.85833333 35.20833333 32.30438670
90.87500000 35.20833333 32.28772004
90.89166667 35.20833333 32.27105337
90.90833333 35.20833333 32.25438670
90.92500000 35.22500000 32.23081648
90.94166667 35.24166667 32.20724625
90.95833333 35.24166667 32.19057958
90.97500000 35.24166667 32.17391292
90.99166667 35.24166667 32.15724625
91.00833333 35.24166667 32.14057958
91.02500000 35.24166667 32.12391292
91.04166667 35.22500000 32.10034269
91.05833333 35.22500000 32.08367602
91.07500000 35.22500000 32.06700936
91.09166667 35.22500000 32.05034269
91.10833333 35.24166667 32.02677247
91.12500000 35.24166667 32.01010580
91.14166667 35.24166667 31.99343913
91.15833333 35.24166667 31.97677247
91.17500000 35.24166667 31.96010580
91.19166667 35.22500000 31.93653557
91.20833333 35.22500000 31.91986891
91.22500000 35.22500000 31.90320224
91.24166667 35.20833333 31.87963201
91.25833333 35.20833333 31.86296535
91.27500000 35.20833333 31.84629868
91.29166667 35.20833333 31.82963201
91.30833333 35.20833333 31.81296535
91.32500000 35.20833333 31.79629868
91.34166667 35.20833333 31.77963201
91.35833333 35.20833333 31.76296535
91.37500000 35.20833333 31.74629868
91.39166667 35.20833333 31.72963201
91.40833333 35.19166667 31.70606179
91.42500000 35.19166667 31.68939512
91.44166667 35.19166667 31.67272845
91.45833333 35.19166667 31.65606179
91.47500000 35.17500000 31.63249156
91.49166667 35.17500000 31.61582489
91.50833333 35.17500000 31.59915823
91.52500000 35.19166667 31.57558800
91.54166667 35.19166667 31.55892133
91.55833333 35.17500000 31.53535111
91.57500000 35.15833333 31.51178088
91.59166667 35.14166667 31.48821066
91.60833333 35.14166667 31.47154399
91.62500000 35.14166667 31.45487732
91.64166667 35.14166667 31.43821066
91.65833333 35.14166667 31.42154399
91.67500000 35.14166667 31.40487732
91.69166667 35.14166667 31.38821066
91.70833333 35.14166667 31.37154399
91.72500000 35.12500000 31.34797376
91.74166667 35.10833333 31.32440354
91.75833333 35.12500000 31.30083331
91.77500000 35.17500000 31.24392975
91.77500000 35.15833333 31.26059642
91.77500000 35.14166667 31.27726309
91.79166667 35.19166667 31.22035953
91.80833333 35.19166667 31.20369286
91.82500000 35.19166667 31.18702619
91.84166667 35.19166667 31.17035953
91.85833333 35.17500000 31.14678930
91.87500000 35.17500000 31.13012263
91.89166667 35.17500000 31.11345597
91.90833333 35.15833333 31.08988574
91.92500000 35.15833333 31.07321907
91.94166667 35.20833333 30.99274529
91.94166667 35.15833333 31.05655241
91.95833333 35.22500000 30.96917506
91.95833333 35.19166667 31.01631552
91.95833333 35.17500000 31.03298218
91.97500000 35.22500000 30.95250840
91.99166667 35.22500000 30.93584173
92.00833333 35.22500000 30.91917506
92.02500000 35.20833333 30.89560484
92.04166667 35.20833333 30.87893817
92.05833333 35.20833333 30.86227150
92.07500000 35.20833333 30.84560484
92.09166667 35.20833333 30.82893817
92.10833333 35.20833333 30.81227150
92.12500000 35.20833333 30.79560484
92.14166667 35.20833333 30.77893817
92.15833333 35.20833333 30.76227150
92.17500000 35.20833333 30.74560484
92.19166667 35.20833333 30.72893817
92.20833333 35.20833333 30.71227150
92.22500000 35.20833333 30.69560484
92.24166667 35.20833333 30.67893817
92.25833333 35.20833333 30.66227150
92.27500000 35.20833333 30.64560484
92.29166667 35.20833333 30.62893817
92.30833333 35.20833333 30.61227150
92.32500000 35.20833333 30.59560484
92.34166667 35.19166667 30.57203461
92.35833333 35.19166667 30.55536794
92.37500000 35.19166667 30.53870128
92.39166667 35.19166667 30.52203461
92.40833333 35.20833333 30.49846439
92.42500000 35.20833333 30.48179772
92.44166667 35.19166667 30.45822749
92.45833333 35.19166667 30.44156083
92.47500000 35.19166667 30.42489416
92.49166667 35.19166667 30.40822749
92.50833333 35.19166667 30.39156083
92.52500000 35.17500000 30.36799060
92.54166667 35.15833333 30.34442037
92.55833333 35.17500000 30.32085015
92.57500000 35.17500000 30.30418348
92.59166667 35.17500000 30.28751681
92.60833333 35.17500000 30.27085015
92.62500000 35.17500000 30.25418348
92.64166667 35.15833333 30.23061325
92.65833333 35.15833333 30.21394659
92.67500000 35.19166667 30.17370970
92.67500000 35.17500000 30.19037636
92.69166667 35.20833333 30.15013947
92.70833333 35.20833333 30.13347280
92.72500000 35.22500000 30.10990258
92.74166667 35.20833333 30.08633235
92.75833333 35.20833333 30.06966568
92.77500000 35.20833333 30.05299902
92.79166667 35.20833333 30.03633235
92.80833333 35.20833333 30.01966568
92.82500000 35.20833333 30.00299902
92.84166667 35.20833333 29.98633235
92.85833333 35.22500000 29.96276212
92.87500000 35.22500000 29.94609546
92.89166667 35.24166667 29.92252523
92.90833333 35.24166667 29.90585857
92.92500000 35.24166667 29.88919190
92.94166667 35.24166667 29.87252523
92.95833333 35.24166667 29.85585857
92.97500000 35.25833333 29.83228834
92.99166667 35.25833333 29.81562167
93.00833333 35.25833333 29.79895501
93.02500000 35.25833333 29.78228834
93.04166667 35.25833333 29.76562167
93.05833333 35.25833333 29.74895501
93.07500000 35.27500000 29.72538478
93.09166667 35.27500000 29.70871811
93.10833333 35.27500000 29.69205145
93.12500000 35.29166667 29.66848122
93.14166667 35.29166667 29.65181455
93.15833333 35.29166667 29.63514789
93.17500000 35.29166667 29.61848122
93.19166667 35.29166667 29.60181455
93.20833333 35.29166667 29.58514789
93.22500000 35.29166667 29.56848122
93.24166667 35.30833333 29.54491099
93.25833333 35.30833333 29.52824433
93.27500000 35.30833333 29.51157766
93.29166667 35.30833333 29.49491099
93.30833333 35.30833333 29.47824433
93.32500000 35.30833333 29.46157766
93.34166667 35.30833333 29.44491099
93.35833333 35.32500000 29.42134077
93.37500000 35.32500000 29.40467410
93.39166667 35.34166667 29.38110388
93.40833333 35.34166667 29.36443721
93.42500000 35.34166667 29.34777054
93.44166667 35.34166667 29.33110388
93.45833333 35.34166667 29.31443721
93.47500000 35.34166667 29.29777054
93.49166667 35.34166667 29.28110388
93.50833333 35.34166667 29.26443721
93.52500000 35.34166667 29.24777054
93.54166667 35.32500000 29.22420032
93.55833333 35.30833333 29.20063009
93.57500000 35.30833333 29.18396342
93.59166667 35.30833333 29.16729676
93.60833333 35.30833333 29.15063009
93.62500000 35.29166667 29.12705986
93.64166667 35.29166667 29.11039320
93.65833333 35.29166667 29.09372653
93.67500000 35.29166667 29.07705986
93.69166667 35.29166667 29.06039320
93.70833333 35.29166667 29.04372653
93.72500000 35.29166667 29.02705986
93.74166667 35.29166667 29.01039320
93.75833333 35.29166667 28.99372653
93.77500000 35.29166667 28.97705986
93.79166667 35.29166667 28.96039320
93.80833333 35.29166667 28.94372653
93.82500000 35.29166667 28.92705986
93.84166667 35.27500000 28.90348964
93.85833333 35.25833333 28.87991941
93.87500000 35.24166667 28.85634919
93.89166667 35.22500000 28.83277896
93.90833333 35.22500000 28.81611229
93.92500000 35.22500000 28.79944563
93.94166667 35.24166667 28.77587540
93.95833333 35.22500000 28.75230517
93.97500000 35.22500000 28.73563851
93.99166667 35.22500000 28.71897184
94.00833333 35.22500000 28.70230517
94.02500000 35.22500000 28.68563851
94.04166667 35.20833333 28.66206828
94.05833333 35.22500000 28.63849806
94.07500000 35.22500000 28.62183139
94.09166667 35.22500000 28.60516472
94.10833333 35.22500000 28.58849806
94.12500000 35.20833333 28.56492783
94.14166667 35.20833333 28.54826116
94.15833333 35.19166667 28.52469094
94.17500000 35.19166667 28.50802427
94.19166667 35.17500000 28.48445404
94.20833333 35.15833333 28.46088382
94.22500000 35.15833333 28.44421715
94.24166667 35.14166667 28.42064693
94.25833333 35.14166667 28.40398026
94.27500000 35.12500000 28.38041003
94.29166667 35.10833333 28.35683981
94.30833333 35.09166667 28.33326958
94.32500000 35.07500000 28.30969935
94.34166667 35.07500000 28.29303269
94.35833333 35.07500000 28.27636602
94.37500000 35.07500000 28.25969935
94.39166667 35.07500000 28.24303269
94.40833333 35.07500000 28.22636602
94.42500000 35.07500000 28.20969935
94.44166667 35.07500000 28.19303269
94.45833333 35.07500000 28.17636602
94.47500000 35.07500000 28.15969935
94.49166667 35.07500000 28.14303269
94.50833333 35.07500000 28.12636602
94.52500000 35.07500000 28.10969935
94.54166667 35.09166667 28.08612913
94.55833333 35.09166667 28.06946246
94.57500000 35.09166667 28.05279580
94.59166667 35.09166667 28.03612913
94.60833333 35.09166667 28.01946246
94.62500000 35.07500000 27.99589224
94.64166667 35.07500000 27.97922557
94.65833333 35.09166667 27.95565534
94.67500000 35.09166667 27.93898868
94.69166667 35.07500000 27.91541845
94.70833333 35.05833333 27.89184822
94.72500000 35.05833333 27.87518156
94.74166667 35.04166667 27.85161133
94.75833333 35.02500000 27.82804111
94.77500000 35.00833333 27.80447088
94.77500000 34.99166667 27.78780421
94.79166667 34.97500000 27.76423399
94.80833333 34.97500000 27.74756732
94.82500000 34.95833333 27.72399709
94.84166667 34.95833333 27.70733043
94.85833333 34.94166667 27.68376020
94.87500000 34.92500000 27.66018998
94.89166667 34.92500000 27.64352331
94.90833333 34.92500000 27.62685664
94.92500000 34.92500000 27.61018998
94.94166667 34.92500000 27.59352331
94.94166667 34.67500000 27.30210195
94.95833333 34.90833333 27.56995308
94.95833333 34.89166667 27.55328642
94.95833333 34.87500000 27.53661975
94.95833333 34.69166667 27.32567218
94.95833333 34.65833333 27.27853173
94.95833333 34.64166667 27.26186506
94.97500000 34.85833333 27.51304952
94.97500000 34.84166667 27.49638286
94.97500000 34.82500000 27.47971619
94.97500000 34.74166667 27.38257574
94.97500000 34.72500000 27.36590907
94.97500000 34.70833333 27.34924240
94.97500000 34.62500000 27.23829483
94.99166667 34.80833333 27.45614596
94.99166667 34.79166667 27.43947930
94.99166667 34.77500000 27.42281263
94.99166667 34.75833333 27.40614596
94.99166667 34.62500000 27.22162817
95.00833333 34.62500000 27.20496150
95.02500000 34.60833333 27.18139127
95.02500000 34.59166667 27.16472461
95.04166667 34.57500000 27.14115438
95.05833333 34.57500000 27.12448772
95.07500000 34.57500000 27.10782105
95.09166667 34.55833333 27.08425082
95.09166667 34.54166667 27.06758416
95.10833333 34.52500000 27.04401393
95.12500000 34.52500000 27.02734726
95.14166667 34.50833333 27.00377704
95.15833333 34.50833333 26.98711037
95.17500000 34.49166667 26.96354014
95.19166667 34.49166667 26.94687348
95.20833333 34.49166667 26.93020681
95.22500000 34.49166667 26.91354014
95.24166667 34.47500000 26.88996992
95.25833333 34.45833333 26.86639969
95.27500000 34.45833333 26.84973303
95.29166667 34.47500000 26.82616280
95.30833333 34.47500000 26.80949613
95.32500000 34.47500000 26.79282947
95.34166667 34.47500000 26.77616280
95.35833333 34.47500000 26.75949613
95.37500000 34.45833333 26.73592591
95.39166667 34.44166667 26.71235568
95.40833333 34.42500000 26.68878545
95.42500000 34.40833333 26.66521523
95.44166667 34.39166667 26.64164500
95.45833333 34.37500000 26.61807478
95.47500000 34.37500000 26.60140811
95.49166667 34.35833333 26.57783788
95.50833333 34.35833333 26.56117122
95.52500000 34.34166667 26.53760099
95.54166667 34.34166667 26.52093432
95.55833333 34.34166667 26.50426766
95.57500000 34.32500000 26.48069743
95.59166667 34.30833333 26.45712721
95.59166667 34.29166667 26.44046054
95.59166667 34.27500000 26.42379387
95.60833333 34.25833333 26.40022365
95.62500000 34.24166667 26.37665342
95.64166667 34.22500000 26.35308319
95.65833333 34.20833333 26.32951297
95.67500000 34.19166667 26.30594274
95.69166667 34.17500000 26.28237252
95.70833333 34.15833333 26.25880229
95.70833333 34.14166667 26.24213562
95.72500000 34.12500000 26.21856540
95.74166667 34.10833333 26.19499517
95.75833333 34.09166667 26.17142495
95.77500000 34.07500000 26.14785472
95.79166667 34.05833333 26.12428449
95.80833333 34.05833333 26.10761783
95.82500000 34.04166667 26.08404760
95.84166667 34.02500000 26.06047737
95.85833333 34.00833333 26.03690715
95.87500000 33.99166667 26.01333692
95.89166667 33.97500000 25.98976670
95.89166667 33.95833333 25.97310003
95.90833333 33.94166667 25.94952980
95.92500000 33.92500000 25.92595958
95.94166667 33.90833333 25.90238935
95.95833333 33.89166667 25.87881913
95.97500000 33.87500000 25.85524890
95.99166667 33.85833333 25.83167867
96.00833333 33.84166667 25.80810845
96.02500000 33.82500000 25.78453822
96.04166667 33.82500000 25.76787156
96.05833333 33.80833333 25.74430133
96.07500000 33.79166667 25.72073110
96.09166667 33.77500000 25.69716088
96.10833333 33.77500000 25.68049421
96.12500000 33.77500000 25.66382754
96.14166667 33.77500000 25.64716088
96.15833333 33.77500000 25.63049421
96.17500000 33.77500000 25.61382754
96.19166667 33.77500000 25.59716088
96.20833333 33.77500000 25.58049421
96.22500000 33.75833333 25.55692398
96.24166667 33.74166667 25.53335376
96.25833333 33.72500000 25.50978353
96.27500000 33.72500000 25.49311687
96.29166667 33.72500000 25.47645020
96.30833333 33.72500000 25.45978353
96.32500000 33.72500000 25.44311687
96.34166667 33.74166667 25.41954664
96.35833333 33.74166667 25.40287997
96.37500000 33.75833333 25.37930975
96.39166667 33.75833333 25.36264308
96.40833333 33.75833333 25.34597641
96.40833333 33.70833333 25.28216929
96.42500000 33.74166667 25.32240619
96.42500000 33.72500000 25.30573952
96.42500000 33.69166667 25.25859907
96.44166667 33.69166667 25.24193240
96.45833333 33.67500000 25.21836218
96.47500000 33.65833333 25.19479195
96.49166667 33.64166667 25.17122172
96.49166667 33.62500000 25.15455506
96.50833333 33.60833333 25.13098483
96.52500000 33.60833333 25.11431816
96.54166667 33.60833333 25.09765150
96.55833333 33.60833333 25.08098483
96.57500000 33.60833333 25.06431816
96.59166667 33.60833333 25.04765150
96.60833333 33.59166667 25.02408127
96.62500000 33.59166667 25.00741461
96.64166667 33.57500000 24.98384438
96.64166667 33.55833333 24.96717771
96.65833333 33.54166667 24.94360749
96.67500000 33.54166667 24.92694082
96.69166667 33.54166667 24.91027415
96.70833333 33.54166667 24.89360749
96.70833333 33.52500000 24.87694082
96.70833333 33.50833333 24.86027415
96.70833333 33.49166667 24.84360749
96.70833333 33.47500000 24.82694082
96.70833333 33.45833333 24.81027415
96.72500000 33.44166667 24.78670393
96.72500000 33.42500000 24.77003726
96.74166667 33.40833333 24.74646703
96.75833333 33.39166667 24.72289681
96.77500000 33.39166667 24.70623014
96.79166667 33.37500000 24.68265992
96.80833333 33.35833333 24.65908969
96.82500000 33.34166667 24.63551946
96.84166667 33.32500000 24.61194924
96.85833333 33.32500000 24.59528257
96.87500000 33.32500000 24.57861590
96.89166667 33.32500000 24.56194924
96.90833333 33.32500000 24.54528257
96.92500000 33.32500000 24.52861590
96.94166667 33.32500000 24.51194924
96.95833333 33.32500000 24.49528257
96.97500000 33.34166667 24.47171234
96.99166667 33.32500000 24.44814212
97.00833333 33.30833333 24.42457189
97.02500000 33.30833333 24.40790523
97.04166667 33.29166667 24.38433500
97.04166667 33.27500000 24.36766833
97.04166667 33.25833333 24.35100167
97.04166667 33.24166667 24.33433500
97.04166667 33.22500000 24.31766833
97.04166667 33.20833333 24.30100167
97.05833333 33.19166667 24.27743144
97.07500000 33.17500000 24.25386121
97.09166667 33.15833333 24.23029099
97.10833333 33.15833333 24.21362432
97.12500000 33.14166667 24.19005410
97.14166667 33.14166667 24.17338743
97.15833333 33.12500000 24.14981720
97.17500000 33.10833333 24.12624698
97.17500000 33.09166667 24.10958031
97.19166667 33.07500000 24.08601008
97.19166667 33.05833333 24.06934342
97.20833333 33.04166667 24.04577319
97.22500000 33.02500000 24.02220297
97.24166667 33.02500000 24.00553630
97.25833333 33.00833333 23.98196607
97.25833333 32.97500000 23.93482562
97.25833333 32.95833333 23.91815895
97.27500000 32.99166667 23.95839585
97.27500000 32.94166667 23.89458873
97.29166667 32.92500000 23.87101850
97.30833333 32.92500000 23.85435184
97.32500000 32.92500000 23.83768517
97.34166667 32.90833333 23.81411494
97.35833333 32.90833333 23.79744828
97.37500000 32.89166667 23.77387805
97.39166667 32.87500000 23.75030782
97.39166667 32.82500000 23.68650071
97.39166667 32.80833333 23.66983404
97.40833333 32.85833333 23.72673760
97.40833333 32.84166667 23.71007093
97.40833333 32.79166667 23.64626381
97.40833333 32.77500000 23.62959715
97.42500000 32.75833333 23.60602692
97.42500000 32.74166667 23.58936025
97.44166667 32.72500000 23.56579003
97.45833333 32.70833333 23.54221980
97.47500000 32.69166667 23.51864957
97.49166667 32.67500000 23.49507935
97.50833333 32.65833333 23.47150912
97.52500000 32.64166667 23.44793890
97.54166667 32.64166667 23.43127223
97.55833333 32.62500000 23.40770200
97.57500000 32.62500000 23.39103534
97.59166667 32.62500000 23.37436867
97.60833333 32.60833333 23.35079844
97.62500000 32.60833333 23.33413178
97.64166667 32.59166667 23.31056155
97.65833333 32.57500000 23.28699133
97.67500000 32.55833333 23.26342110
97.69166667 32.55833333 23.24675443
97.70833333 32.54166667 23.22318421
97.72500000 32.54166667 23.20651754
97.74166667 32.52500000 23.18294731
97.75833333 32.52500000 23.16628065
97.77500000 32.52500000 23.14961398
97.79166667 32.50833333 23.12604376
97.80833333 32.49166667 23.10247353
97.82500000 32.49166667 23.08580686
97.84166667 32.49166667 23.06914020
97.85833333 32.49166667 23.05247353
97.87500000 32.49166667 23.03580686
97.89166667 32.49166667 23.01914020
97.90833333 32.47500000 22.99556997
97.92500000 32.47500000 22.97890330
97.94166667 32.47500000 22.96223664
97.95833333 32.47500000 22.94556997
97.97500000 32.47500000 22.92890330
97.99166667 32.47500000 22.91223664
98.00833333 32.45833333 22.88866641
98.02500000 32.44166667 22.86509618
98.04166667 32.44166667 22.84842952
98.05833333 32.42500000 22.82485929
98.07500000 32.42500000 22.80819262
98.09166667 32.40833333 22.78462240
98.10833333 32.40833333 22.76795573
98.12500000 32.39166667 22.74438551
98.14166667 32.39166667 22.72771884
98.15833333 32.37500000 22.70414861
98.17500000 32.37500000 22.68748195
98.19166667 32.37500000 22.67081528
98.20833333 32.35833333 22.64724505
98.22500000 32.34166667 22.62367483
98.22500000 32.32500000 22.60700816
98.22500000 32.30833333 22.59034149
98.24166667 32.29166667 22.56677127
98.24166667 32.27500000 22.55010460
98.24166667 32.25833333 22.53343794
98.24166667 32.24166667 22.51677127
98.25833333 32.22500000 22.49320104
98.27500000 32.20833333 22.46963082
98.29166667 32.19166667 22.44606059
98.29166667 32.17500000 22.42939392
98.30833333 32.15833333 22.40582370
98.30833333 32.14166667 22.38915703
98.32500000 32.12500000 22.36558681
98.34166667 32.10833333 22.34201658
98.35833333 32.09166667 22.31844635
98.37500000 32.09166667 22.30177969
98.39166667 32.07500000 22.27820946
98.40833333 32.05833333 22.25463923
98.42500000 32.04166667 22.23106901
98.42500000 32.02500000 22.21440234
98.42500000 31.90833333 22.08392856
98.42500000 31.89166667 22.06726189
98.42500000 31.87500000 22.05059522
98.44166667 32.00833333 22.19083212
98.44166667 31.99166667 22.17416545
98.44166667 31.97500000 22.15749878
98.44166667 31.95833333 22.14083212
98.44166667 31.94166667 22.12416545
98.44166667 31.92500000 22.10749878
98.44166667 31.85833333 22.02702500
98.45833333 31.84166667 22.00345477
98.45833333 31.82500000 21.98678810
98.47500000 31.80833333 21.96321788
98.49166667 31.79166667 21.93964765
98.50833333 31.77500000 21.91607743
98.52500000 31.75833333 21.89250720
98.52500000 31.74166667 21.87584053
98.54166667 31.72500000 21.85227031
98.55833333 31.70833333 21.82870008
98.57500000 31.69166667 21.80512986
98.57500000 31.67500000 21.78846319
98.57500000 31.65833333 21.77179652
98.59166667 31.64166667 21.74822630
98.60833333 31.62500000 21.72465607
98.60833333 31.24166667 20.85778618
98.60833333 31.22500000 20.84111951
98.60833333 31.20833333 20.82445285
98.62500000 31.60833333 21.70108584
98.62500000 31.29166667 20.91468974
98.62500000 31.27500000 20.89802307
98.62500000 31.25833333 20.88135641
98.62500000 31.19166667 20.80088262
98.64166667 31.59166667 21.67751562
98.64166667 31.32500000 20.95492663
98.64166667 31.30833333 20.93825997
98.64166667 31.17500000 20.77731240
98.65833333 31.59166667 21.66084895
98.65833333 31.34166667 20.97849686
98.65833333 31.17500000 20.76064573
98.67500000 31.57500000 21.63727873
98.67500000 31.34166667 20.99516353
98.67500000 31.15833333 20.73707550
98.69166667 31.55833333 21.61370850
98.69166667 31.34166667 21.01183019
98.69166667 31.14166667 20.71350528
98.70833333 31.54166667 21.59013827
98.70833333 31.32500000 21.03540042
98.70833333 31.14166667 20.69683861
98.72500000 31.52500000 21.56656805
98.72500000 31.30833333 21.05897064
98.72500000 31.12500000 20.67326838
98.72500000 31.10833333 20.65660172
98.72500000 31.09166667 20.63993505
98.74166667 31.50833333 21.54299782
98.74166667 31.29166667 21.08254087
98.74166667 31.07500000 20.61636483
98.75833333 31.49166667 21.51942759
98.75833333 31.27500000 21.10611110
98.75833333 31.05833333 20.59279460
98.77500000 31.49166667 21.50276093
98.77500000 31.25833333 21.12968132
98.77500000 31.04166667 20.56922437
98.79166667 31.47500000 21.47919070
98.79166667 31.25833333 21.14634799
98.79166667 31.02500000 20.54565415
98.79166667 30.92500000 20.41803991
98.79166667 30.90833333 20.40137324
98.80833333 31.45833333 21.45562048
98.80833333 31.27500000 21.16991822
98.80833333 31.00833333 20.52208392
98.80833333 30.95833333 20.45827680
98.80833333 30.94166667 20.44161014
98.80833333 30.89166667 20.37780302
98.82500000 31.44166667 21.43205025
98.82500000 31.30833333 21.21015511
98.82500000 31.29166667 21.19348844
98.82500000 30.99166667 20.49851369
98.82500000 30.97500000 20.48184703
98.82500000 30.87500000 20.35423279
98.84166667 31.44166667 21.41538358
98.84166667 31.32500000 21.23372533
98.84166667 30.87500000 20.33756612
98.85833333 31.42500000 21.39181336
98.85833333 31.34166667 21.25729556
98.85833333 30.85833333 20.31399590
98.87500000 31.40833333 21.36824313
98.87500000 31.34166667 21.27396223
98.87500000 30.84166667 20.29042567
98.89166667 31.39166667 21.34467291
98.89166667 31.35833333 21.29753245
98.89166667 30.82500000 20.26685545
98.90833333 31.37500000 21.32110268
98.90833333 30.80833333 20.24328522
98.92500000 30.79166667 20.21971499
98.92500000 30.69166667 20.06853053
98.92500000 30.67500000 20.05186386
98.94166667 30.77500000 20.19614477
98.94166667 30.70833333 20.09210076
98.94166667 30.65833333 20.02829364
98.94166667 30.64166667 20.01162697
98.94166667 30.62500000 19.99496030
98.94166667 30.60833333 19.97829364
98.94166667 30.57500000 19.93115319
98.94166667 30.55833333 19.91448652
98.94166667 30.54166667 19.89781985
98.94166667 30.52500000 19.88115319
98.95833333 30.77500000 20.17947810
98.95833333 30.72500000 20.11567098
98.95833333 30.59166667 19.95472341
98.95833333 30.50833333 19.85758296
98.95833333 30.49166667 19.84091629
98.97500000 30.75833333 20.15590788
98.97500000 30.74166667 20.13924121
98.97500000 30.47500000 19.81734607
98.97500000 30.45833333 19.80067940
98.97500000 30.44166667 19.78401273
98.97500000 30.42500000 19.76734607
98.99166667 30.40833333 19.74377584
98.99166667 30.39166667 19.72710917
98.99166667 30.37500000 19.71044251
98.99166667 30.35833333 19.69377584
98.99166667 30.34166667 19.67710917
98.99166667 30.32500000 19.66044251
98.99166667 30.30833333 19.64377584
98.99166667 30.27500000 19.59663539
98.99166667 30.25833333 19.57996872
98.99166667 30.24166667 19.56330206
98.99166667 30.19166667 19.49949494
99.00833333 30.29166667 19.62020561
99.00833333 30.22500000 19.53973183
99.00833333 30.20833333 19.52306516
99.00833333 30.17500000 19.47592471
99.00833333 30.15833333 19.45925804
99.00833333 29.72500000 18.97069624
99.00833333 29.70833333 18.95402957
99.00833333 29.69166667 18.93736290
99.00833333 29.67500000 18.92069624
99.00833333 29.65833333 18.90402957
99.02500000 30.14166667 19.43568782
99.02500000 30.12500000 19.41902115
99.02500000 29.82500000 19.07759979
99.02500000 29.80833333 19.06093313
99.02500000 29.79166667 19.04426646
99.02500000 29.77500000 19.02759979
99.02500000 29.75833333 19.01093313
99.02500000 29.74166667 18.99426646
99.02500000 29.64166667 18.88045934
99.02500000 29.62500000 18.86379268
99.04166667 30.10833333 19.39545093
99.04166667 29.85833333 19.11783669
99.04166667 29.84166667 19.10117002
99.04166667 29.60833333 18.84022245
99.05833333 30.09166667 19.37188070
99.05833333 30.07500000 19.35521403
99.05833333 30.05833333 19.33854737
99.05833333 30.04166667 19.32188070
99.05833333 30.02500000 19.30521403
99.05833333 30.00833333 19.28854737
99.05833333 29.99166667 19.27188070
99.05833333 29.89166667 19.15807358
99.05833333 29.87500000 19.14140691
99.05833333 29.59166667 18.81665222
99.05833333 29.55833333 18.76951177
99.05833333 29.54166667 18.75284511
99.05833333 29.52500000 18.73617844
99.05833333 29.50833333 18.71951177
99.07500000 29.97500000 19.24831047
99.07500000 29.95833333 19.23164381
99.07500000 29.94166667 19.21497714
99.07500000 29.92500000 19.19831047
99.07500000 29.90833333 19.18164381
99.07500000 29.57500000 18.79308200
99.07500000 29.49166667 18.69594155
99.07500000 29.47500000 18.67927488
99.07500000 29.45833333 18.66260821
99.07500000 29.44166667 18.64594155
99.07500000 29.42500000 18.62927488
99.07500000 29.40833333 18.61260821
99.07500000 29.39166667 18.59594155
99.07500000 29.37500000 18.57927488
99.07500000 29.35833333 18.56260821
99.07500000 29.34166667 18.54594155
99.09166667 29.32500000 18.52237132
99.09166667 29.30833333 18.50570465
99.10833333 29.29166667 18.48213443
99.10833333 29.27500000 18.46546776
99.12500000 29.25833333 18.44189753
99.12500000 29.24166667 18.42523087
99.12500000 29.22500000 18.40856420
99.12500000 29.20833333 18.39189753
99.12500000 29.19166667 18.37523087
99.12500000 29.17500000 18.35856420
99.12500000 29.15833333 18.34189753
99.12500000 29.14166667 18.32523087
99.12500000 29.12500000 18.30856420
99.12500000 29.10833333 18.29189753
99.12500000 29.09166667 18.27523087
99.12500000 29.07500000 18.25856420
99.12500000 28.87500000 18.04475708
99.12500000 28.85833333 18.02809042
99.12500000 28.84166667 18.01142375
99.12500000 28.82500000 17.99475708
99.12500000 28.80833333 17.97809042
99.12500000 28.79166667 17.96142375
99.12500000 28.77500000 17.94475708
99.14166667 29.05833333 18.23499398
99.14166667 29.04166667 18.21832731
99.14166667 29.02500000 18.20166064
99.14166667 29.00833333 18.18499398
99.14166667 28.99166667 18.16832731
99.14166667 28.97500000 18.15166064
99.14166667 28.95833333 18.13499398
99.14166667 28.94166667 18.11832731
99.14166667 28.92500000 18.10166064
99.14166667 28.90833333 18.08499398
99.14166667 28.89166667 18.06832731
99.14166667 28.75833333 17.92118686
99.14166667 28.74166667 17.90452019
99.14166667 28.72500000 17.88785352
99.14166667 28.70833333 17.87118686
99.15833333 28.69166667 17.84761663
99.15833333 28.67500000 17.83094996
99.15833333 28.65833333 17.81428330
99.17500000 28.64166667 17.79071307
99.19166667 28.62500000 17.76714285
99.19166667 28.60833333 17.75047618
99.19166667 28.59166667 17.73380951
99.19166667 28.57500000 17.71714285
99.19166667 28.55833333 17.70047618
99.19166667 28.54166667 17.68380951
99.19166667 28.52500000 17.66714285
99.19166667 28.44166667 17.56023929
99.19166667 28.42500000 17.54357262
99.19166667 28.40833333 17.52690595
99.20833333 28.50833333 17.64357262
99.20833333 28.49166667 17.62690595
99.20833333 28.47500000 17.61023929
99.20833333 28.45833333 17.59357262
99.20833333 28.44166667 17.57690595
99.20833333 28.39166667 17.50333573
99.22500000 28.37500000 17.47976550
99.24166667 28.35833333 17.45619527
99.24166667 28.34166667 17.43952861
99.25833333 28.32500000 17.41595838
99.27500000 28.30833333 17.39238816
99.29166667 28.30833333 17.37572149
99.30833333 28.29166667 17.35215126
99.30833333 28.27500000 17.33548460
99.30833333 28.25833333 17.31881793
99.32500000 28.24166667 17.29524770
99.34166667 28.22500000 17.27167748
99.35833333 28.20833333 17.24810725
99.37500000 28.19166667 17.22453703
99.39166667 28.17500000 17.20096680
99.40833333 28.15833333 17.17739657
99.40833333 28.14166667 17.16072991
99.40833333 28.12500000 17.14406324
99.42500000 28.10833333 17.12049301
99.42500000 28.09166667 17.10382635
99.42500000 28.07500000 17.08715968
99.42500000 28.05833333 17.07049301
99.42500000 28.04166667 17.05382635
99.42500000 28.02500000 17.03715968
99.42500000 28.00833333 17.02049301
99.42500000 27.99166667 17.00382635
99.42500000 27.97500000 16.98715968
99.42500000 27.95833333 16.97049301
99.42500000 27.94166667 16.95382635
99.44166667 27.92500000 16.93025612
99.44166667 27.90833333 16.91358945
99.45833333 27.89166667 16.89001923
99.45833333 27.87500000 16.87335256
99.45833333 27.85833333 16.85668590
99.45833333 27.80833333 16.79287878
99.45833333 27.79166667 16.77621211
99.45833333 27.77500000 16.75954544
99.45833333 27.75833333 16.74287878
99.45833333 27.74166667 16.72621211
99.45833333 27.72500000 16.70954544
99.47500000 27.84166667 16.83311567
99.47500000 27.82500000 16.81644900
99.47500000 27.70833333 16.68597522
99.49166667 27.69166667 16.66240499
99.49166667 27.67500000 16.64573832
99.50833333 27.65833333 16.62216810
99.52500000 27.64166667 16.59859787
99.54166667 27.62500000 16.57502765
99.54166667 27.60833333 16.55836098
99.54166667 27.59166667 16.54169431
99.55833333 27.57500000 16.51812409
99.57500000 27.55833333 16.49455386
99.59166667 27.54166667 16.47098363
99.59166667 27.52500000 16.45431697
99.59166667 27.50833333 16.43765030
99.59166667 27.49166667 16.42098363
99.60833333 27.47500000 16.39741341
99.62500000 27.45833333 16.37384318
99.62500000 27.44166667 16.35717652
99.64166667 27.42500000 16.33360629
99.64166667 27.40833333 16.31693962
99.65833333 27.39166667 16.29336940
99.67500000 27.37500000 16.26979917
99.67500000 27.35833333 16.25313250
99.67500000 27.34166667 16.23646584
99.67500000 27.32500000 16.21979917
99.69166667 27.30833333 16.19622895
99.69166667 27.29166667 16.17956228
99.70833333 27.27500000 16.15599205
99.72500000 27.25833333 16.13242183
99.74166667 27.24166667 16.10885160
99.75833333 27.22500000 16.08528137
99.77500000 27.20833333 16.06171115
99.79166667 27.19166667 16.03814092
99.80833333 27.17500000 16.01457070
99.82500000 27.15833333 15.99100047
99.84166667 27.14166667 15.96743024
99.85833333 27.12500000 15.94386002
99.87500000 27.10833333 15.92028979
99.89166667 27.09166667 15.89671957
99.90833333 27.07500000 15.87314934
99.92500000 27.05833333 15.84957911
99.94166667 27.04166667 15.82600889
99.95833333 27.02500000 15.80243866
99.95833333 27.00833333 15.78577200
99.97500000 26.99166667 15.76220177
99.97500000 26.97500000 15.74553510
99.97500000 26.95833333 15.72886844
99.97500000 26.94166667 15.71220177
99.99166667 26.92500000 15.68863154
99.99166667 26.90833333 15.67196488
100.00833333 26.89166667 15.64839465
100.02500000 26.90833333 15.62482442
100.04166667 26.92500000 15.60125420
100.05833333 26.94166667 15.57768397
100.07500000 26.95833333 15.55411375
100.09166667 27.15833333 15.34721019
100.09166667 27.14166667 15.36387685
100.09166667 27.12500000 15.38054352
100.09166667 27.10833333 15.39721019
100.09166667 27.09166667 15.41387685
100.09166667 27.07500000 15.43054352
100.09166667 27.05833333 15.44721019
100.09166667 27.04166667 15.46387685
100.09166667 27.02500000 15.48054352
100.09166667 27.00833333 15.49721019
100.09166667 26.99166667 15.51387685
100.09166667 26.97500000 15.53054352
100.10833333 27.17500000 15.32363996
100.12500000 27.19166667 15.30006973
100.14166667 27.20833333 15.27649951
100.15833333 27.22500000 15.25292928
100.17500000 27.25833333 15.21269239
100.17500000 27.24166667 15.22935906
100.19166667 27.27500000 15.18912216
100.20833333 27.50833333 14.92127103
100.20833333 27.49166667 14.93793770
100.20833333 27.47500000 14.95460437
100.20833333 27.45833333 14.97127103
100.20833333 27.44166667 14.98793770
100.20833333 27.29166667 15.16555194
100.22500000 27.52500000 14.89770081
100.22500000 27.42500000 15.01150793
100.22500000 27.40833333 15.02817459
100.22500000 27.39166667 15.04484126
100.22500000 27.30833333 15.14198171
100.24166667 27.54166667 14.87413058
100.24166667 27.37500000 15.06841149
100.24166667 27.35833333 15.08507815
100.24166667 27.34166667 15.10174482
100.24166667 27.32500000 15.11841149
100.25833333 27.57500000 14.83389369
100.25833333 27.55833333 14.85056036
100.27500000 27.62500000 14.77699013
100.27500000 27.60833333 14.79365680
100.27500000 27.59166667 14.81032346
100.29166667 27.65833333 14.73675324
100.29166667 27.64166667 14.75341990
100.30833333 27.72500000 14.66318301
100.30833333 27.70833333 14.67984968
100.30833333 27.69166667 14.69651634
100.30833333 27.67500000 14.71318301
100.32500000 27.74166667 14.63961278
100.34166667 27.74166667 14.62294612
100.35833333 27.75833333 14.59937589
100.37500000 27.75833333 14.58270923
100.39166667 27.75833333 14.56604256
100.40833333 27.74166667 14.54247233
100.40833333 26.77500000 13.34345357
100.40833333 26.75833333 13.32678691
100.40833333 26.74166667 13.31012024
100.40833333 26.72500000 13.29345357
100.40833333 26.70833333 13.27678691
100.40833333 26.69166667 13.26012024
100.40833333 26.67500000 13.24345357
100.42500000 27.72500000 14.51890211
100.42500000 27.70833333 14.50223544
100.42500000 27.69166667 14.48556877
100.42500000 27.67500000 14.46890211
100.42500000 26.79166667 13.36702380
100.42500000 26.65833333 13.21988335
100.42500000 26.64166667 13.20321668
100.42500000 26.62500000 13.18655002
100.42500000 26.57500000 13.12274290
100.42500000 26.55833333 13.10607623
100.44166667 27.65833333 14.44533188
100.44166667 27.50833333 14.28152476
100.44166667 27.49166667 14.26485810
100.44166667 26.79166667 13.38369047
100.44166667 26.60833333 13.16297979
100.44166667 26.59166667 13.14631312
100.44166667 26.54166667 13.08250600
100.44166667 26.52500000 13.06583934
100.44166667 26.50833333 13.04917267
100.44166667 26.49166667 13.03250600
100.44166667 26.47500000 13.01583934
100.44166667 26.35833333 12.88536555
100.44166667 26.34166667 12.86869888
100.44166667 26.32500000 12.85203222
100.44166667 26.30833333 12.83536555
100.44166667 26.29166667 12.81869888
100.45833333 27.64166667 14.42176165
100.45833333 27.62500000 14.40509499
100.45833333 27.60833333 14.38842832
100.45833333 27.59166667 14.37176165
100.45833333 27.57500000 14.35509499
100.45833333 27.55833333 14.33842832
100.45833333 27.54166667 14.32176165
100.45833333 27.52500000 14.30509499
100.45833333 27.47500000 14.24128787
100.45833333 27.45833333 14.22462120
100.45833333 27.00833333 13.62106781
100.45833333 26.99166667 13.60440115
100.45833333 26.89166667 13.49059403
100.45833333 26.87500000 13.47392736
100.45833333 26.85833333 13.45726069
100.45833333 26.84166667 13.44059403
100.45833333 26.82500000 13.42392736
100.45833333 26.80833333 13.40726069
100.45833333 26.45833333 12.99226911
100.45833333 26.44166667 12.97560244
100.45833333 26.42500000 12.95893578
100.45833333 26.40833333 12.94226911
100.45833333 26.39166667 12.92560244
100.45833333 26.37500000 12.90893578
100.45833333 26.27500000 12.79512866
100.45833333 26.25833333 12.77846199
100.45833333 26.24166667 12.76179533
100.45833333 26.22500000 12.74512866
100.47500000 27.44166667 14.20105098
100.47500000 27.42500000 14.18438431
100.47500000 27.14166667 13.77511182
100.47500000 27.05833333 13.67797137
100.47500000 27.04166667 13.66130470
100.47500000 27.02500000 13.64463804
100.47500000 26.97500000 13.58083092
100.47500000 26.95833333 13.56416425
100.47500000 26.94166667 13.54749759
100.47500000 26.92500000 13.53083092
100.47500000 26.90833333 13.51416425
100.47500000 26.20833333 12.72155843
100.49166667 27.40833333 14.16081408
100.49166667 27.15833333 13.79868205
100.49166667 27.12500000 13.75154160
100.49166667 27.10833333 13.73487493
100.49166667 27.09166667 13.71820826
100.49166667 27.07500000 13.70154160
100.49166667 26.22500000 12.69798821
100.50833333 27.42500000 14.13724386
100.50833333 27.17500000 13.82225228
100.50833333 26.22500000 12.68132154
100.52500000 27.40833333 14.11367363
100.52500000 27.37500000 14.06653318
100.52500000 27.35833333 14.04986651
100.52500000 27.34166667 14.03319985
100.52500000 27.32500000 14.01653318
100.52500000 27.30833333 13.99986651
100.52500000 27.29166667 13.98319985
100.52500000 27.17500000 13.83891894
100.52500000 26.22500000 12.66465487
100.54166667 27.39166667 14.09010341
100.54166667 27.27500000 13.95962962
100.54166667 27.25833333 13.94296295
100.54166667 27.22500000 13.89582250
100.54166667 27.20833333 13.87915583
100.54166667 27.19166667 13.86248917
100.54166667 26.22500000 12.64798821
100.55833333 27.24166667 13.91939273
100.55833333 26.20833333 12.62441798
100.57500000 26.20833333 12.60775131
100.59166667 26.20833333 12.59108465
100.60833333 26.20833333 12.57441798
100.62500000 26.20833333 12.55775131
100.64166667 26.19166667 12.53418109
100.65833333 26.17500000 12.51061086
100.67500000 26.17500000 12.49394420
100.69166667 26.17500000 12.47727753
100.70833333 26.17500000 12.46061086
100.72500000 26.17500000 12.44394420
100.74166667 26.17500000 12.42727753
100.75833333 26.19166667 12.40370730
100.77500000 26.19166667 12.38704064
100.79166667 26.19166667 12.37037397
100.80833333 26.19166667 12.35370730
100.82500000 26.20833333 12.33013708
100.84166667 26.19166667 12.30656685
100.85833333 26.17500000 12.28299662
100.87500000 26.15833333 12.25942640
100.89166667 26.15833333 12.24275973
100.90833333 26.15833333 12.22609307
100.92500000 26.17500000 12.20252284
100.94166667 26.19166667 12.17895261
100.95833333 26.20833333 12.15538239
100.97500000 26.22500000 12.13181216
100.99166667 26.24166667 12.10824193
101.00833333 26.25833333 12.08467171
101.02500000 26.25833333 12.06800504
101.04166667 26.27500000 12.04443482
101.05833333 26.29166667 12.02086459
101.07500000 26.30833333 11.99729436
101.09166667 26.32500000 11.97372414
101.10833333 26.32500000 11.95705747
101.12500000 26.32500000 11.94039080
101.14166667 26.34166667 11.91682058
101.15833333 26.34166667 11.90015391
101.17500000 26.34166667 11.88348725
101.19166667 26.35833333 11.85991702
101.20833333 26.35833333 11.84325035
101.22500000 26.35833333 11.82658369
101.24166667 26.35833333 11.80991702
101.25833333 26.35833333 11.79325035
101.27500000 26.35833333 11.77658369
101.29166667 26.37500000 11.75301346
101.30833333 26.37500000 11.73634679
101.32500000 26.37500000 11.71968013
101.34166667 26.37500000 11.70301346
101.35833333 26.39166667 11.67944323
101.37500000 26.39166667 11.66277657
101.39166667 26.39166667 11.64610990
101.40833333 26.39166667 11.62944323
101.42500000 26.39166667 11.61277657
101.44166667 26.40833333 11.58920634
101.45833333 26.42500000 11.56563612
101.47500000 26.52500000 11.45873256
101.47500000 26.50833333 11.47539922
101.47500000 26.49166667 11.49206589
101.47500000 26.47500000 11.50873256
101.47500000 26.45833333 11.52539922
101.47500000 26.44166667 11.54206589
101.49166667 26.55833333 11.41849566
101.49166667 26.54166667 11.43516233
101.50833333 26.57500000 11.39492544
101.52500000 26.59166667 11.37135521
101.54166667 26.59166667 11.35468854
101.55833333 26.59166667 11.33802188
101.57500000 26.59166667 11.32135521
101.59166667 26.59166667 11.30468854
101.60833333 26.59166667 11.28802188
101.62500000 26.59166667 11.27135521
101.64166667 26.59166667 11.25468854
101.65833333 26.59166667 11.23802188
101.67500000 26.59166667 11.22135521
101.69166667 26.59166667 11.20468854
101.70833333 26.59166667 11.18802188
101.72500000 26.59166667 11.17135521
101.74166667 26.59166667 11.15468854
101.75833333 26.59166667 11.13802188
101.77500000 26.59166667 11.12135521
101.79166667 26.59166667 11.10468854
101.80833333 26.59166667 11.08802188
101.82500000 26.57500000 11.06445165
101.84166667 26.55833333 11.04088143
101.84166667 26.05833333 10.44827561
101.84166667 26.04166667 10.43160894
101.84166667 26.02500000 10.41494227
101.84166667 26.00833333 10.39827561
101.84166667 25.99166667 10.38160894
101.85833333 26.54166667 11.01731120
101.85833333 26.15833333 10.55517917
101.85833333 26.14166667 10.53851250
101.85833333 26.12500000 10.52184583
101.85833333 26.10833333 10.50517917
101.85833333 26.09166667 10.48851250
101.85833333 26.07500000 10.47184583
101.85833333 25.97500000 10.35803871
101.87500000 26.52500000 10.99374097
101.87500000 26.17500000 10.57874939
101.87500000 25.97500000 10.34137205
101.89166667 26.50833333 10.97017075
101.89166667 26.19166667 10.60231962
101.89166667 25.99166667 10.31780182
101.90833333 26.49166667 10.94660052
101.90833333 26.19166667 10.61898628
101.90833333 25.99166667 10.30113515
101.92500000 26.47500000 10.92303030
101.92500000 26.25833333 10.69255651
101.92500000 26.24166667 10.67588984
101.92500000 26.22500000 10.65922318
101.92500000 26.20833333 10.64255651
101.92500000 25.99166667 10.28446849
101.94166667 26.45833333 10.89946007
101.94166667 26.44166667 10.88279340
101.94166667 26.42500000 10.86612674
101.94166667 26.40833333 10.84946007
101.94166667 26.39166667 10.83279340
101.94166667 26.37500000 10.81612674
101.94166667 26.35833333 10.79946007
101.94166667 26.34166667 10.78279340
101.94166667 26.32500000 10.76612674
101.94166667 26.30833333 10.74946007
101.94166667 26.29166667 10.73279340
101.94166667 26.27500000 10.71612674
101.94166667 25.99166667 10.26780182
101.95833333 25.99166667 10.25113515
101.97500000 25.99166667 10.23446849
101.99166667 25.99166667 10.21780182
102.00833333 25.99166667 10.20113515
102.02500000 25.99166667 10.18446849
102.04166667 25.99166667 10.16780182
102.05833333 25.99166667 10.15113515
102.07500000 25.99166667 10.13446849
102.09166667 25.99166667 10.11780182
102.10833333 26.00833333 10.09423159
102.12500000 26.07500000 10.02066137
102.12500000 26.05833333 10.03732803
102.12500000 26.04166667 10.05399470
102.12500000 26.02500000 10.07066137
102.14166667 26.09166667 9.99709114
102.15833333 26.10833333 9.97352092
102.17500000 26.12500000 9.94995069
102.19166667 26.14166667 9.92638046
102.20833333 26.15833333 9.90281024
102.22500000 26.17500000 9.87924001
102.24166667 26.19166667 9.85566979
102.25833333 26.20833333 9.83209956
102.27500000 26.22500000 9.80852933
102.29166667 26.22500000 9.79186267
102.30833333 26.24166667 9.76829244
102.32500000 26.24166667 9.75162577
102.34166667 26.24166667 9.73495911
102.35833333 26.24166667 9.71829244
102.37500000 26.25833333 9.69472222
102.39166667 26.27500000 9.67115199
102.40833333 26.29166667 9.64758176
102.42500000 26.30833333 9.62401154
102.44166667 26.30833333 9.60734487
102.45833333 26.30833333 9.59067820
102.47500000 26.32500000 9.56710798
102.49166667 26.32500000 9.55044131
102.50833333 26.32500000 9.53377464
102.52500000 26.32500000 9.51710798
102.54166667 26.34166667 9.49353775
102.55833333 26.35833333 9.46996753
102.57500000 26.35833333 9.45330086
102.59166667 26.35833333 9.43663419
102.60833333 26.34166667 9.41306397
102.62500000 26.34166667 9.39639730
102.62500000 26.29166667 9.33259018
102.62500000 26.27500000 9.31592351
102.62500000 26.25833333 9.29925685
102.64166667 26.32500000 9.37282707
102.64166667 26.30833333 9.35616041
102.64166667 26.24166667 9.27568662
102.65833333 26.22500000 9.25211640
102.67500000 26.22500000 9.23544973
102.69166667 26.20833333 9.21187950
102.70833333 26.20833333 9.19521284
102.72500000 26.20833333 9.17854617
102.74166667 26.25833333 9.12164261
102.74166667 26.24166667 9.13830928
102.74166667 26.22500000 9.15497594
102.75833333 26.27500000 9.09807238
102.77500000 26.27500000 9.08140572
102.79166667 26.29166667 9.05783549
102.80833333 26.30833333 9.03426527
102.82500000 26.30833333 9.01759860
102.84166667 26.30833333 9.00093193
102.85833333 26.32500000 8.97736171
102.87500000 26.34166667 8.95379148
102.89166667 27.29166667 7.73929052
102.89166667 27.27500000 7.75595719
102.89166667 27.25833333 7.77262385
102.89166667 27.02500000 8.03357142
102.89166667 26.35833333 8.93022125
102.90833333 27.32500000 7.69905363
102.90833333 27.30833333 7.71572029
102.90833333 27.24166667 7.79619408
102.90833333 27.07500000 7.97666786
102.90833333 27.05833333 7.99333453
102.90833333 27.04166667 8.01000120
102.90833333 27.00833333 8.05714165
102.90833333 26.99166667 8.07380832
102.90833333 26.97500000 8.09047498
102.90833333 26.95833333 8.10714165
102.90833333 26.94166667 8.12380832
102.90833333 26.92500000 8.14047498
102.90833333 26.90833333 8.15714165
102.90833333 26.89166667 8.17380832
102.90833333 26.34166667 8.90665103
102.92500000 27.35833333 7.65881673
102.92500000 27.34166667 7.67548340
102.92500000 27.22500000 7.81976430
102.92500000 27.20833333 7.83643097
102.92500000 27.19166667 7.85309764
102.92500000 27.17500000 7.86976430
102.92500000 27.15833333 7.88643097
102.92500000 27.14166667 7.90309764
102.92500000 27.12500000 7.91976430
102.92500000 27.10833333 7.93643097
102.92500000 27.09166667 7.95309764
102.92500000 26.87500000 8.19737854
102.92500000 26.85833333 8.21404521
102.92500000 26.34166667 8.88998436
102.94166667 27.39166667 7.61857984
102.94166667 27.37500000 7.63524651
102.94166667 26.84166667 8.23761543
102.94166667 26.34166667 8.87331769
102.95833333 27.40833333 7.59500961
102.95833333 26.82500000 8.26118566
102.95833333 26.34166667 8.85665103
102.97500000 27.40833333 7.57834295
102.97500000 27.39166667 7.56167628
102.97500000 26.80833333 8.28475589
102.97500000 26.34166667 8.83998436
102.99166667 27.37500000 7.53810605
102.99166667 26.79166667 8.30832611
102.99166667 26.77500000 8.32499278
102.99166667 26.34166667 8.82331769
103.00833333 27.37500000 7.52143939
103.00833333 26.75833333 8.34856300
103.00833333 26.74166667 8.36522967
103.00833333 26.72500000 8.38189634
103.00833333 26.70833333 8.39856300
103.00833333 26.69166667 8.41522967
103.00833333 26.47500000 8.68308080
103.00833333 26.45833333 8.69974747
103.00833333 26.44166667 8.71641413
103.00833333 26.42500000 8.73308080
103.00833333 26.40833333 8.74974747
103.00833333 26.39166667 8.76641413
103.00833333 26.37500000 8.78308080
103.00833333 26.35833333 8.79974747
103.02500000 27.37500000 7.50477272
103.02500000 26.67500000 8.43879990
103.02500000 26.65833333 8.45546656
103.02500000 26.49166667 8.65951058
103.04166667 27.39166667 7.48120250
103.04166667 26.64166667 8.47903679
103.04166667 26.62500000 8.49570346
103.04166667 26.60833333 8.51237012
103.04166667 26.59166667 8.52903679
103.04166667 26.57500000 8.54570346
103.04166667 26.49166667 8.64284391
103.05833333 27.40833333 7.45763227
103.05833333 26.55833333 8.56927368
103.05833333 26.54166667 8.58594035
103.05833333 26.52500000 8.60260702
103.05833333 26.50833333 8.61927368
103.07500000 27.40833333 7.44096560
103.09166667 27.40833333 7.42429894
103.10833333 27.40833333 7.40763227
103.12500000 27.40833333 7.39096560
103.14166667 27.42500000 7.36739538
103.15833333 27.45833333 7.32715848
103.15833333 27.44166667 7.34382515
103.17500000 27.49166667 7.28692159
103.17500000 27.47500000 7.30358826
103.19166667 27.50833333 7.26335137
103.20833333 27.52500000 7.23978114
103.22500000 27.55833333 7.19954425
103.22500000 27.54166667 7.21621091
103.24166667 27.57500000 7.17597402
103.25833333 27.57500000 7.15930735
103.27500000 27.57500000 7.14264069
103.29166667 27.55833333 7.11907046
103.30833333 27.64166667 7.02883357
103.30833333 27.62500000 7.04550024
103.30833333 27.60833333 7.06216690
103.30833333 27.59166667 7.07883357
103.30833333 27.57500000 7.09550024
103.32500000 27.65833333 7.00526334
103.34166667 27.67500000 6.98169312
103.35833333 27.67500000 6.96502645
103.37500000 27.69166667 6.94145622
103.39166667 27.70833333 6.91788600
103.40833333 27.72500000 6.89431577
103.42500000 27.74166667 6.87074555
103.44166667 28.05833333 6.39362193
103.44166667 27.74166667 6.85407888
103.45833333 28.07500000 6.37005170
103.45833333 28.04166667 6.41719215
103.45833333 27.75833333 6.83050865
103.47500000 28.10833333 6.32981481
103.47500000 28.09166667 6.34648148
103.47500000 28.02500000 6.44076238
103.47500000 27.77500000 6.80693843
103.49166667 28.12500000 6.30624458
103.49166667 28.04166667 6.46433261
103.49166667 27.79166667 6.78336820
103.50833333 28.14166667 6.28267436
103.50833333 28.02500000 6.48790283
103.50833333 28.00833333 6.50456950
103.50833333 27.90833333 6.64599086
103.50833333 27.89166667 6.66265752
103.50833333 27.82500000 6.74313131
103.50833333 27.80833333 6.75979797
103.52500000 28.15833333 6.25910413
103.52500000 27.99166667 6.52813973
103.52500000 27.92500000 6.62242063
103.52500000 27.87500000 6.68622775
103.52500000 27.85833333 6.70289442
103.52500000 27.84166667 6.71956108
103.54166667 28.17500000 6.23553391
103.54166667 27.97500000 6.55170995
103.54166667 27.94166667 6.59885040
103.55833333 28.19166667 6.21196368
103.55833333 27.95833333 6.57528018
103.57500000 28.22500000 6.17172679
103.57500000 28.20833333 6.18839345
103.59166667 28.24166667 6.14815656
103.60833333 28.24166667 6.13148989
103.62500000 28.24166667 6.11482323
103.64166667 28.25833333 6.09125300
103.65833333 28.25833333 6.07458634
103.67500000 28.25833333 6.05791967
103.69166667 28.24166667 6.03434944
103.70833333 28.22500000 6.01077922
103.72500000 28.20833333 5.98720899
103.74166667 28.22500000 5.96363876
103.75833333 28.24166667 5.94006854
103.77500000 28.24166667 5.92340187
103.79166667 28.25833333 5.89983165
103.80833333 28.55833333 5.50436628
103.80833333 28.54166667 5.52103294
103.80833333 28.52500000 5.53769961
103.80833333 28.50833333 5.55436628
103.80833333 28.25833333 5.88316498
103.82500000 28.57500000 5.48079605
103.82500000 28.49166667 5.57793650
103.82500000 28.27500000 5.85959475
103.84166667 28.60833333 5.44055916
103.84166667 28.59166667 5.45722583
103.84166667 28.47500000 5.60150673
103.84166667 28.45833333 5.61817340
103.84166667 28.44166667 5.63484006
103.84166667 28.29166667 5.83602453
103.85833333 28.64166667 5.40032227
103.85833333 28.62500000 5.41698893
103.85833333 28.42500000 5.65841029
103.85833333 28.40833333 5.67507696
103.85833333 28.29166667 5.81935786
103.87500000 28.65833333 5.37675204
103.87500000 28.39166667 5.69864718
103.87500000 28.37500000 5.71531385
103.87500000 28.35833333 5.73198052
103.87500000 28.34166667 5.74864718
103.87500000 28.30833333 5.79578763
103.89166667 28.64166667 5.35318181
103.89166667 28.32500000 5.77221741
103.90833333 28.62500000 5.32961159
103.92500000 28.62500000 5.31294492
103.94166667 28.62500000 5.29627825
103.95833333 28.60833333 5.27270803
103.97500000 28.60833333 5.25604136
103.99166667 28.60833333 5.23937470
104.00833333 28.60833333 5.22270803
104.02500000 28.62500000 5.19913780
104.04166667 28.62500000 5.18247114
104.05833333 28.62500000 5.16580447
104.07500000 28.62500000 5.14913780
104.09166667 28.60833333 5.12556758
104.10833333 28.60833333 5.10890091
104.12500000 28.62500000 5.08533068
104.14166667 28.64166667 5.06176046
104.15833333 28.64166667 5.04509379
104.17500000 28.64166667 5.02842712
104.19166667 28.64166667 5.01176046
104.20833333 28.64166667 4.99509379
104.22500000 28.64166667 4.97842712
104.24166667 28.64166667 4.96176046
104.25833333 28.64166667 4.94509379
104.27500000 28.64166667 4.92842712
104.29166667 28.64166667 4.91176046
104.30833333 28.62500000 4.88819023
104.32500000 28.62500000 4.87152357
104.34166667 28.62500000 4.85485690
104.35833333 28.64166667 4.83128667
104.37500000 28.64166667 4.81462001
104.39166667 28.64166667 4.79795334
104.40833333 28.64166667 4.78128667
104.42500000 28.62500000 4.75771645
104.44166667 28.62500000 4.74104978
104.45833333 28.62500000 4.72438311
104.47500000 28.64166667 4.70081289
104.49166667 28.65833333 4.67724266
104.50833333 28.67500000 4.65367244
104.52500000 28.67500000 4.63700577
104.54166667 28.69166667 4.61343554
104.55833333 28.70833333 4.58986532
104.57500000 28.70833333 4.57319865
104.59166667 28.72500000 4.54962842
104.60833333 28.74166667 4.52605820
104.62500000 28.75833333 4.50248797
104.64166667 28.75833333 4.48582130
104.65833333 28.75833333 4.46915464
104.67500000 28.75833333 4.45248797
104.69166667 28.77500000 4.42891775
104.70833333 28.79166667 4.40534752
104.72500000 28.79166667 4.38868085
104.74166667 28.77500000 4.36511063
104.75833333 28.77500000 4.34844396
104.77500000 28.79166667 4.32487373
104.79166667 28.80833333 4.30130351
104.80833333 28.80833333 4.28463684
104.82500000 28.80833333 4.26797017
104.84166667 28.80833333 4.25130351
104.85833333 28.80833333 4.23463684
104.87500000 28.80833333 4.21797017
104.89166667 28.79166667 4.19439995
104.90833333 28.79166667 4.17773328
104.92500000 28.77500000 4.15416306
104.94166667 28.77500000 4.13749639
104.95833333 28.79166667 4.11392616
104.97500000 28.80833333 4.09035594
104.99166667 28.82500000 4.06678571
105.00833333 28.82500000 4.05011904
105.02500000 28.82500000 4.03345238
105.04166667 28.82500000 4.01678571
105.04166667 28.77500000 3.95297859
105.04166667 28.75833333 3.93631193
105.05833333 28.80833333 3.99321549
105.05833333 28.79166667 3.97654882
105.05833333 28.74166667 3.91274170
105.07500000 28.72500000 3.88917147
105.09166667 28.72500000 3.87250481
105.10833333 28.72500000 3.85583814
105.12500000 28.70833333 3.83226791
105.14166667 28.70833333 3.81560125
105.15833333 28.72500000 3.79203102
105.17500000 28.74166667 3.76846080
105.19166667 28.74166667 3.75179413
105.20833333 28.74166667 3.73512746
105.22500000 28.74166667 3.71846080
105.24166667 28.74166667 3.70179413
105.25833333 28.74166667 3.68512746
105.27500000 28.74166667 3.66846080
105.29166667 28.75833333 3.64489057
105.30833333 28.77500000 3.62132034
105.32500000 28.77500000 3.60465368
105.34166667 28.77500000 3.58798701
105.35833333 28.77500000 3.57132034
105.37500000 28.79166667 3.54775012
105.39166667 28.80833333 3.52417989
105.40833333 28.84166667 3.48394300
105.40833333 28.82500000 3.50060967
105.42500000 28.85833333 3.46037277
105.44166667 28.87500000 3.43680255
105.45833333 28.89166667 3.41323232
105.47500000 28.89166667 3.39656565
105.49166667 28.89166667 3.37989899
105.50833333 28.89166667 3.36323232
105.52500000 28.89166667 3.34656565
105.54166667 28.89166667 3.32989899
105.55833333 28.89166667 3.31323232
105.57500000 28.89166667 3.29656565
105.59166667 28.89166667 3.27989899
105.60833333 28.87500000 3.25632876
105.62500000 28.87500000 3.23966209
105.64166667 28.87500000 3.22299543
105.65833333 28.87500000 3.20632876
105.67500000 28.87500000 3.18966209
105.69166667 28.87500000 3.17299543
105.70833333 28.89166667 3.14942520
105.72500000 28.90833333 3.12585498
105.74166667 28.90833333 3.10918831
105.75833333 28.90833333 3.09252164
105.77500000 28.90833333 3.07585498
105.79166667 28.90833333 3.05918831
105.80833333 28.92500000 3.03561808
105.82500000 28.94166667 3.01204786
105.84166667 28.95833333 2.98847763
105.85833333 28.97500000 2.96490741
105.87500000 28.99166667 2.94133718
105.89166667 29.00833333 2.91776695
105.90833333 29.04166667 2.87753006
105.90833333 29.02500000 2.89419673
105.92500000 29.05833333 2.85395983
105.94166667 29.05833333 2.83729317
105.95833333 29.07500000 2.81372294
105.97500000 29.09166667 2.79015272
105.99166667 29.09166667 2.77348605
106.00833333 29.09166667 2.75681938
106.02500000 29.10833333 2.73324916
106.04166667 29.10833333 2.71658249
106.05833333 29.10833333 2.69991582
106.07500000 29.10833333 2.68324916
106.09166667 29.12500000 2.65967893
106.10833333 29.14166667 2.63610870
106.12500000 29.15833333 2.61253848
106.14166667 29.17500000 2.58896825
106.15833333 29.19166667 2.56539803
106.17500000 29.20833333 2.54182780
106.19166667 29.22500000 2.51825757
106.20833333 29.24166667 2.49468735
106.22500000 29.25833333 2.47111712
106.24166667 29.27500000 2.44754690
106.25833333 29.29166667 2.42397667
106.27500000 29.29166667 2.40731000
106.29166667 29.29166667 2.39064334
106.30833333 29.29166667 2.37397667
106.32500000 29.29166667 2.35731000
106.34166667 29.30833333 2.33373978
106.35833333 29.32500000 2.31016955
106.37500000 29.34166667 2.28659932
106.39166667 29.34166667 2.26993266
106.40833333 29.34166667 2.25326599
106.42500000 29.34166667 2.23659932
106.44166667 29.35833333 2.21302910
106.45833333 29.37500000 2.18945887
106.47500000 29.39166667 2.16588865
106.49166667 29.40833333 2.14231842
106.50833333 29.42500000 2.11874819
106.52500000 29.44166667 2.09517797
106.54166667 29.45833333 2.07160774
106.55833333 29.47500000 2.04803752
106.57500000 29.50833333 2.00780062
106.57500000 29.49166667 2.02446729
106.59166667 29.54166667 1.96756373
106.59166667 29.52500000 1.98423040
106.60833333 29.57500000 1.92732684
106.60833333 29.55833333 1.94399351
106.62500000 29.59166667 1.90375661
106.64166667 29.59166667 1.88708995
106.65833333 29.59166667 1.87042328
106.67500000 29.59166667 1.85375661
106.69166667 29.57500000 1.83018639
106.70833333 29.59166667 1.80661616
106.72500000 29.59166667 1.78994949
106.74166667 29.59166667 1.77328283
106.75833333 29.59166667 1.75661616
106.77500000 29.59166667 1.73994949
106.79166667 29.59166667 1.72328283
106.80833333 29.59166667 1.70661616
106.82500000 29.59166667 1.68994949
106.84166667 29.59166667 1.67328283
106.85833333 29.59166667 1.65661616
106.87500000 29.60833333 1.63304593
106.89166667 29.62500000 1.60947571
106.90833333 29.65833333 1.56923882
106.90833333 29.64166667 1.58590548
106.92500000 29.67500000 1.54566859
106.94166667 29.69166667 1.52209836
106.95833333 29.70833333 1.49852814
106.97500000 29.72500000 1.47495791
106.99166667 29.74166667 1.45138769
107.00833333 29.75833333 1.42781746
107.02500000 29.77500000 1.40424723
107.04166667 29.79166667 1.38067701
107.05833333 29.79166667 1.36401034
107.07500000 29.79166667 1.34734367
107.09166667 29.79166667 1.33067701
107.10833333 29.77500000 1.30710678
107.12500000 29.75833333 1.28353656
107.12500000 29.74166667 1.26686989
107.14166667 29.72500000 1.24329966
107.15833333 29.70833333 1.21972944
107.17500000 29.70833333 1.20306277
107.19166667 29.70833333 1.18639610
107.20833333 29.70833333 1.16972944
107.22500000 29.70833333 1.15306277
107.24166667 29.70833333 1.13639610
107.25833333 29.70833333 1.11972944
107.27500000 29.72500000 1.09615921
107.29166667 29.72500000 1.07949254
107.30833333 29.74166667 1.05592232
107.32500000 29.74166667 1.03925565
107.34166667 29.74166667 1.02258898
107.35833333 29.74166667 1.00592232
107.37500000 29.72500000 0.98235209
107.39166667 29.72500000 0.96568542
107.40833333 29.70833333 0.94211520
107.42500000 29.75833333 0.88521164
107.42500000 29.74166667 0.90187831
107.42500000 29.72500000 0.91854497
107.44166667 29.77500000 0.86164141
107.45833333 29.79166667 0.83807119
107.47500000 29.80833333 0.81450096
107.49166667 29.82500000 0.79093074
107.50833333 29.84166667 0.76736051
107.52500000 29.85833333 0.74379028
107.54166667 29.85833333 0.72712362
107.55833333 29.85833333 0.71045695
107.57500000 29.85833333 0.69379028
107.59166667 29.84166667 0.67022006
107.60833333 29.84166667 0.65355339
107.62500000 29.84166667 0.63688672
107.64166667 29.84166667 0.62022006
107.65833333 29.84166667 0.60355339
107.67500000 29.85833333 0.57998316
107.69166667 29.85833333 0.56331650
107.70833333 29.85833333 0.54664983
107.72500000 29.87500000 0.52307961
107.74166667 29.89166667 0.49950938
107.75833333 29.90833333 0.47593915
107.77500000 29.92500000 0.45236893
107.79166667 29.92500000 0.43570226
107.80833333 29.94166667 0.41213203
107.82500000 29.95833333 0.38856181
107.84166667 29.97500000 0.36499158
107.85833333 30.00833333 0.32475469
107.85833333 29.99166667 0.34142136
107.87500000 30.09166667 0.23451780
107.87500000 30.07500000 0.25118446
107.87500000 30.05833333 0.26785113
107.87500000 30.04166667 0.28451780
107.87500000 30.02500000 0.30118446
107.89166667 30.10833333 0.21094757
107.90833333 30.12500000 0.18737734
107.92500000 30.12500000 0.17071068
107.94166667 30.19166667 0.07357023
107.94166667 30.14166667 0.14714045
107.95833333 30.20833333 0.05000000
107.95833333 30.17500000 0.09714045
107.95833333 30.15833333 0.11380712
107.95833333 30.14166667 0.13047379
107.97500000 30.20833333 0.03333333
107.99166667 30.20833333 0.01666667
108.00833333 30.20833333 0.00000000
