94.50833333 33.42500000 19.67919070
94.50833333 33.40833333 19.66252404
94.50833333 33.39166667 19.64585737
94.52500000 33.37500000 19.62228714
94.52500000 33.35833333 19.60562048
94.52500000 33.34166667 19.58895381
94.54166667 33.34166667 19.57228714
94.55833333 33.32500000 19.54871692
94.57500000 33.30833333 19.52514669
94.59166667 33.29166667 19.50157646
94.60833333 33.27500000 19.47800624
94.62500000 33.25833333 19.45443601
94.62500000 33.24166667 19.43776935
94.64166667 33.22500000 19.41419912
94.64166667 33.20833333 19.39753245
94.65833333 33.19166667 19.37396223
94.67500000 33.17500000 19.35039200
94.69166667 33.17500000 19.33372533
94.70833333 33.17500000 19.31705867
94.72500000 33.17500000 19.30039200
94.74166667 33.17500000 19.28372533
94.75833333 33.17500000 19.26705867
94.77500000 33.17500000 19.25039200
94.79166667 33.17500000 19.23372533
94.80833333 33.17500000 19.21705867
94.82500000 33.17500000 19.20039200
94.84166667 33.17500000 19.18372533
94.85833333 33.17500000 19.16705867
94.87500000 33.17500000 19.15039200
94.89166667 33.15833333 19.12682178
94.90833333 33.14166667 19.10325155
94.92500000 33.12500000 19.07968132
94.94166667 33.12500000 19.06301466
94.95833333 33.10833333 19.03944443
94.97500000 33.09166667 19.01587420
94.99166667 33.09166667 18.99920754
95.00833333 33.09166667 18.98254087
95.02500000 33.07500000 18.95897064
95.04166667 33.07500000 18.94230398
95.05833333 33.07500000 18.92563731
95.07500000 33.07500000 18.90897064
95.09166667 33.05833333 18.88540042
95.09166667 33.04166667 18.86873375
95.10833333 33.02500000 18.84516353
95.10833333 33.00833333 18.82849686
95.10833333 32.99166667 18.81183019
95.12500000 32.97500000 18.78825997
95.10833333 32.95833333 18.76468974
95.12500000 32.94166667 18.74111951
95.14166667 32.94166667 18.72445285
95.15833333 32.94166667 18.70778618
95.17500000 32.92500000 18.68421596
95.19166667 32.92500000 18.66754929
95.20833333 32.90833333 18.64397906
95.22500000 32.89166667 18.62040884
95.24166667 32.89166667 18.60374217
95.25833333 32.89166667 18.58707550
95.27500000 32.89166667 18.57040884
95.29166667 32.87500000 18.54683861
95.30833333 32.87500000 18.53017194
95.32500000 32.87500000 18.51350528
95.34166667 32.87500000 18.49683861
95.35833333 32.87500000 18.48017194
95.37500000 32.87500000 18.46350528
95.39166667 32.87500000 18.44683861
95.40833333 32.85833333 18.42326838
95.42500000 32.84166667 18.39969816
95.44166667 32.84166667 18.38303149
95.45833333 32.85833333 18.35946127
95.47500000 32.85833333 18.34279460
95.49166667 32.84166667 18.31922437
95.50833333 32.85833333 18.29565415
95.52500000 32.85833333 18.27898748
95.54166667 32.85833333 18.26232081
95.55833333 32.85833333 18.24565415
95.57500000 32.84166667 18.22208392
95.59166667 32.82500000 18.19851369
95.60833333 32.80833333 18.17494347
95.62500000 32.79166667 18.15137324
95.64166667 32.77500000 18.12780302
95.64166667 32.75833333 18.11113635
95.65833333 32.74166667 18.08756612
95.65833333 32.72500000 18.07089946
95.67500000 32.70833333 18.04732923
95.69166667 32.69166667 18.02375901
95.70833333 32.69166667 18.00709234
95.72500000 32.69166667 17.99042567
95.74166667 32.67500000 17.96685545
95.75833333 32.67500000 17.95018878
95.77500000 32.65833333 17.92661855
95.79166667 32.64166667 17.90304833
95.80833333 32.64166667 17.88638166
95.82500000 32.64166667 17.86971499
95.84166667 32.64166667 17.85304833
95.85833333 32.62500000 17.82947810
95.85833333 32.60833333 17.81281143
95.87500000 32.59166667 17.78924121
95.89166667 32.59166667 17.77257454
95.90833333 32.57500000 17.74900432
95.92500000 32.55833333 17.72543409
95.94166667 32.54166667 17.70186386
95.95833333 32.54166667 17.68519720
95.97500000 32.54166667 17.66853053
95.99166667 32.52500000 17.64496030
96.00833333 32.52500000 17.62829364
96.02500000 32.54166667 17.60472341
96.04166667 32.54166667 17.58805674
96.05833333 32.55833333 17.56448652
96.07500000 32.55833333 17.54781985
96.09166667 32.55833333 17.53115319
96.10833333 32.55833333 17.51448652
96.12500000 32.55833333 17.49781985
96.14166667 32.55833333 17.48115319
96.15833333 32.55833333 17.46448652
96.17500000 32.55833333 17.44781985
96.19166667 32.55833333 17.43115319
96.20833333 32.54166667 17.40758296
96.22500000 32.54166667 17.39091629
96.24166667 32.52500000 17.36734607
96.25833333 32.52500000 17.35067940
96.27500000 32.50833333 17.32710917
96.29166667 32.49166667 17.30353895
96.30833333 32.49166667 17.28687228
96.32500000 32.47500000 17.26330206
96.34166667 32.45833333 17.23973183
96.35833333 32.44166667 17.21616160
96.37500000 32.42500000 17.19259138
96.39166667 32.42500000 17.17592471
96.40833333 32.42500000 17.15925804
96.42500000 32.40833333 17.13568782
96.44166667 32.40833333 17.11902115
96.44166667 32.39166667 17.10235448
96.44166667 32.37500000 17.08568782
96.44166667 32.35833333 17.06902115
96.45833333 32.34166667 17.04545093
96.47500000 32.32500000 17.02188070
96.47500000 32.30833333 17.00521403
96.49166667 32.29166667 16.98164381
96.50833333 32.27500000 16.95807358
96.50833333 32.25833333 16.94140691
96.52500000 32.24166667 16.91783669
96.52500000 32.22500000 16.90117002
96.52500000 32.20833333 16.88450335
96.54166667 32.19166667 16.86093313
96.55833333 32.17500000 16.83736290
96.57500000 32.15833333 16.81379268
96.59166667 32.14166667 16.79022245
96.60833333 32.12500000 16.76665222
96.62500000 32.12500000 16.74998556
96.64166667 32.12500000 16.73331889
96.65833333 32.10833333 16.70974866
96.67500000 32.10833333 16.69308200
96.69166667 32.10833333 16.67641533
96.70833333 32.09166667 16.65284511
96.72500000 32.10833333 16.62927488
96.74166667 32.12500000 16.60570465
96.75833333 32.10833333 16.58213443
96.77500000 32.09166667 16.55856420
96.77500000 32.07500000 16.54189753
96.79166667 32.05833333 16.51832731
96.80833333 32.04166667 16.49475708
96.82500000 32.04166667 16.47809042
96.84166667 32.04166667 16.46142375
96.85833333 32.02500000 16.43785352
96.85833333 32.00833333 16.42118686
96.85833333 31.99166667 16.40452019
96.87500000 31.97500000 16.38094996
96.89166667 31.97500000 16.36428330
96.90833333 31.97500000 16.34761663
96.92500000 31.97500000 16.33094996
96.94166667 31.97500000 16.31428330
96.95833333 31.97500000 16.29761663
96.97500000 31.95833333 16.27404640
96.99166667 31.94166667 16.25047618
96.99166667 31.92500000 16.23380951
97.00833333 31.90833333 16.21023929
97.00833333 31.89166667 16.19357262
97.00833333 31.87500000 16.17690595
97.02500000 31.85833333 16.15333573
97.02500000 31.84166667 16.13666906
97.02500000 31.82500000 16.12000239
97.02500000 31.80833333 16.10333573
97.02500000 31.79166667 16.08666906
97.04166667 31.77500000 16.06309883
97.04166667 31.75833333 16.04643217
97.05833333 31.74166667 16.02286194
97.07500000 31.72500000 15.99929171
97.09166667 31.70833333 15.97572149
97.10833333 31.69166667 15.95215126
97.10833333 31.67500000 15.93548460
97.10833333 31.65833333 15.91881793
97.10833333 31.64166667 15.90215126
97.10833333 31.62500000 15.88548460
97.12500000 31.60833333 15.86191437
97.14166667 31.59166667 15.83834414
97.14166667 31.57500000 15.82167748
97.15833333 31.55833333 15.79810725
97.17500000 31.55833333 15.78144058
97.19166667 31.54166667 15.75787036
97.20833333 31.52500000 15.73430013
97.22500000 31.50833333 15.71072991
97.22500000 31.49166667 15.69406324
97.20833333 31.47500000 15.67049301
97.20833333 31.45833333 15.65382635
97.20833333 31.44166667 15.63715968
97.20833333 31.42500000 15.62049301
97.22500000 31.40833333 15.59692279
97.22500000 31.39166667 15.58025612
97.24166667 31.37500000 15.55668590
97.22500000 31.35833333 15.53311567
97.22500000 31.34166667 15.51644900
97.20833333 31.32500000 15.49287878
97.19166667 31.30833333 15.46930855
97.17500000 31.29166667 15.44573832
97.17500000 31.27500000 15.42907166
97.17500000 31.25833333 15.41240499
97.17500000 31.24166667 15.39573832
97.19166667 31.22500000 15.37216810
97.20833333 31.20833333 15.34859787
97.20833333 31.19166667 15.33193121
97.20833333 31.17500000 15.31526454
97.20833333 31.15833333 15.29859787
97.20833333 31.14166667 15.28193121
97.22500000 31.12500000 15.25836098
97.22500000 31.10833333 15.24169431
97.22500000 31.09166667 15.22502765
97.22500000 31.07500000 15.20836098
97.24166667 31.05833333 15.18479075
97.25833333 31.04166667 15.16122053
97.27500000 31.02500000 15.13765030
97.29166667 31.02500000 15.12098363
97.30833333 31.00833333 15.09741341
97.32500000 30.99166667 15.07384318
97.34166667 30.97500000 15.05027296
97.35833333 30.95833333 15.02670273
97.37500000 30.94166667 15.00313250
97.35833333 30.92500000 14.97956228
97.35833333 30.90833333 14.96289561
97.35833333 30.89166667 14.94622895
97.35833333 30.87500000 14.92956228
97.35833333 30.85833333 14.91289561
97.35833333 30.84166667 14.89622895
97.35833333 30.82500000 14.87956228
97.37500000 30.80833333 14.85599205
97.37500000 30.79166667 14.83932539
97.39166667 30.77500000 14.81575516
97.39166667 30.75833333 14.79908849
97.39166667 30.74166667 14.78242183
97.40833333 30.72500000 14.75885160
97.42500000 30.70833333 14.73528137
97.44166667 30.69166667 14.71171115
97.45833333 30.67500000 14.68814092
97.47500000 30.67500000 14.67147426
97.49166667 30.65833333 14.64790403
97.50833333 30.64166667 14.62433380
97.52500000 30.62500000 14.60076358
97.54166667 30.60833333 14.57719335
97.55833333 30.59166667 14.55362313
97.57500000 30.57500000 14.53005290
97.59166667 30.55833333 14.50648267
97.60833333 30.54166667 14.48291245
97.60833333 30.52500000 14.46624578
97.62500000 30.50833333 14.44267555
97.62500000 30.49166667 14.42600889
97.64166667 30.47500000 14.40243866
97.64166667 30.45833333 14.38577200
97.65833333 30.44166667 14.36220177
97.67500000 30.42500000 14.33863154
97.69166667 30.40833333 14.31506132
97.70833333 30.39166667 14.29149109
97.72500000 30.40833333 14.26792086
97.74166667 30.39166667 14.24435064
97.75833333 30.39166667 14.22768397
97.75833333 30.37500000 14.21101731
97.77500000 30.35833333 14.18744708
97.79166667 30.35833333 14.17078041
97.80833333 30.34166667 14.14721019
97.80833333 30.32500000 14.13054352
97.82500000 30.30833333 14.10697329
97.84166667 30.29166667 14.08340307
97.85833333 30.29166667 14.06673640
97.87500000 30.27500000 14.04316618
97.87500000 30.25833333 14.02649951
97.89166667 30.24166667 14.00292928
97.90833333 30.24166667 13.98626262
97.92500000 30.24166667 13.96959595
97.94166667 30.22500000 13.94602572
97.95833333 30.20833333 13.92245550
97.95833333 30.19166667 13.90578883
97.97500000 30.17500000 13.88221860
97.99166667 30.15833333 13.85864838
98.00833333 30.14166667 13.83507815
98.00833333 30.12500000 13.81841149
98.00833333 30.10833333 13.80174482
98.00833333 30.09166667 13.78507815
98.00833333 30.07500000 13.76841149
98.02500000 30.05833333 13.74484126
98.04166667 30.04166667 13.72127103
98.05833333 30.02500000 13.69770081
98.05833333 30.00833333 13.68103414
98.05833333 29.99166667 13.66436747
98.07500000 29.97500000 13.64079725
98.09166667 29.95833333 13.61722702
98.10833333 29.94166667 13.59365680
98.12500000 29.92500000 13.57008657
98.12500000 29.90833333 13.55341990
98.12500000 29.89166667 13.53675324
98.14166667 29.87500000 13.51318301
98.15833333 29.85833333 13.48961278
98.15833333 29.84166667 13.47294612
98.17500000 29.82500000 13.44937589
98.19166667 29.82500000 13.43270923
98.20833333 29.82500000 13.41604256
98.22500000 29.80833333 13.39247233
98.24166667 29.79166667 13.36890211
98.25833333 29.77500000 13.34533188
98.27500000 29.75833333 13.32176165
98.27500000 29.74166667 13.30509499
98.29166667 29.72500000 13.28152476
98.30833333 29.70833333 13.25795454
98.32500000 29.69166667 13.23438431
98.34166667 29.67500000 13.21081408
98.35833333 29.65833333 13.18724386
98.37500000 29.64166667 13.16367363
98.35833333 29.62500000 13.14010341
98.35833333 29.60833333 13.12343674
98.35833333 29.59166667 13.10677007
98.35833333 29.57500000 13.09010341
98.37500000 29.55833333 13.06653318
98.37500000 29.54166667 13.04986651
98.39166667 29.52500000 13.02629629
98.39166667 29.50833333 13.00962962
98.40833333 29.49166667 12.98605939
98.40833333 29.47500000 12.96939273
98.40833333 29.45833333 12.95272606
98.42500000 29.44166667 12.92915583
98.44166667 29.42500000 12.90558561
98.44166667 29.40833333 12.88891894
98.45833333 29.39166667 12.86534872
98.45833333 29.37500000 12.84868205
98.45833333 29.35833333 12.83201538
98.47500000 29.34166667 12.80844516
98.49166667 29.34166667 12.79177849
98.50833333 29.32500000 12.76820826
98.50833333 29.30833333 12.75154160
98.52500000 29.29166667 12.72797137
98.54166667 29.29166667 12.71130470
98.55833333 29.27500000 12.68773448
98.57500000 29.25833333 12.66416425
98.57500000 29.24166667 12.64749759
98.59166667 29.22500000 12.62392736
98.59166667 29.20833333 12.60726069
98.60833333 29.19166667 12.58369047
98.62500000 29.19166667 12.56702380
98.62500000 29.17500000 12.55035713
98.64166667 29.15833333 12.52678691
98.65833333 29.14166667 12.50321668
98.64166667 29.12500000 12.47964646
98.64166667 29.10833333 12.46297979
98.62500000 29.09166667 12.43940956
98.62500000 29.07500000 12.42274290
98.62500000 29.05833333 12.40607623
98.60833333 29.04166667 12.38250600
98.60833333 29.02500000 12.36583934
98.62500000 29.00833333 12.34226911
98.62500000 28.99166667 12.32560244
98.64166667 28.97500000 12.30203222
98.64166667 28.95833333 12.28536555
98.65833333 28.94166667 12.26179533
98.67500000 28.92500000 12.23822510
98.67500000 28.90833333 12.22155843
98.65833333 28.89166667 12.19798821
98.65833333 28.87500000 12.18132154
98.67500000 28.85833333 12.15775131
98.67500000 28.84166667 12.14108465
98.67500000 28.82500000 12.12441798
98.67500000 28.80833333 12.10775131
98.69166667 28.79166667 12.08418109
98.69166667 28.77500000 12.06751442
98.69166667 28.75833333 12.05084775
98.70833333 28.74166667 12.02727753
98.69166667 28.72500000 12.00370730
98.69166667 28.70833333 11.98704064
98.70833333 28.69166667 11.96347041
98.72500000 28.67500000 11.93990018
98.72500000 28.65833333 11.92323352
98.74166667 28.64166667 11.89966329
98.75833333 28.62500000 11.87609307
98.77500000 28.60833333 11.85252284
98.79166667 28.59166667 11.82895261
98.79166667 28.57500000 11.81228595
98.80833333 28.55833333 11.78871572
98.80833333 28.54166667 11.77204905
98.80833333 28.52500000 11.75538239
98.80833333 28.50833333 11.73871572
98.82500000 28.49166667 11.71514549
98.84166667 28.47500000 11.69157527
98.84166667 28.45833333 11.67490860
98.85833333 28.44166667 11.65133838
98.85833333 28.42500000 11.63467171
98.87500000 28.40833333 11.61110148
98.87500000 28.39166667 11.59443482
98.87500000 28.37500000 11.57776815
98.89166667 28.35833333 11.55419792
98.89166667 28.34166667 11.53753126
98.89166667 28.32500000 11.52086459
98.87500000 28.30833333 11.49729436
98.87500000 28.29166667 11.48062770
98.87500000 28.27500000 11.46396103
98.87500000 28.25833333 11.44729436
98.87500000 28.24166667 11.43062770
98.87500000 28.22500000 11.41396103
98.87500000 28.20833333 11.39729436
98.87500000 28.19166667 11.38062770
98.89166667 28.17500000 11.35705747
98.89166667 28.15833333 11.34039080
98.90833333 28.14166667 11.31682058
98.92500000 28.12500000 11.29325035
98.94166667 28.10833333 11.26968013
98.94166667 28.09166667 11.25301346
98.94166667 28.07500000 11.23634679
98.92500000 28.05833333 11.21277657
98.92500000 28.04166667 11.19610990
98.92500000 28.02500000 11.17944323
98.92500000 28.00833333 11.16277657
98.92500000 27.99166667 11.14610990
98.92500000 27.97500000 11.12944323
98.92500000 27.95833333 11.11277657
98.94166667 27.94166667 11.08920634
98.95833333 27.92500000 11.06563612
98.95833333 27.90833333 11.04896945
98.97500000 27.90833333 11.03230278
98.99166667 27.89166667 11.00873256
99.00833333 27.89166667 10.99206589
99.02500000 27.87500000 10.96849566
99.02500000 27.85833333 10.95182900
99.04166667 27.84166667 10.92825877
99.05833333 27.82500000 10.90468854
99.05833333 27.80833333 10.88802188
99.04166667 27.79166667 10.86445165
99.05833333 27.77500000 10.84088143
99.05833333 27.75833333 10.82421476
99.05833333 27.74166667 10.80754809
99.05833333 27.72500000 10.79088143
99.05833333 27.70833333 10.77421476
99.05833333 27.69166667 10.75754809
99.05833333 27.67500000 10.74088143
99.04166667 27.65833333 10.71731120
99.02500000 27.64166667 10.69374097
99.04166667 27.62500000 10.67017075
99.02500000 27.60833333 10.64660052
99.04166667 27.59166667 10.62303030
99.04166667 27.57500000 10.60636363
99.05833333 27.55833333 10.58279340
99.04166667 27.54166667 10.55922318
99.02500000 27.52500000 10.53565295
99.04166667 27.50833333 10.51208272
99.05833333 27.49166667 10.48851250
99.05833333 27.47500000 10.47184583
99.05833333 27.45833333 10.45517917
99.07500000 27.44166667 10.43160894
99.07500000 27.42500000 10.41494227
99.09166667 27.40833333 10.39137205
99.09166667 27.39166667 10.37470538
99.10833333 27.37500000 10.35113515
99.10833333 27.35833333 10.33446849
99.10833333 27.34166667 10.31780182
99.12500000 27.32500000 10.29423159
99.12500000 27.30833333 10.27756493
99.12500000 27.29166667 10.26089826
99.12500000 27.27500000 10.24423159
99.10833333 27.25833333 10.22066137
99.09166667 27.24166667 10.19709114
99.10833333 27.22500000 10.17352092
99.10833333 27.20833333 10.15685425
99.12500000 27.19166667 10.13328402
99.14166667 27.19166667 10.11661736
99.15833333 27.19166667 10.09995069
99.17500000 27.17500000 10.07638046
99.17500000 27.15833333 10.05971380
99.17500000 27.14166667 10.04304713
99.17500000 27.12500000 10.02638046
99.19166667 27.10833333 10.00281024
99.19166667 27.09166667 9.98614357
99.19166667 27.07500000 9.96947690
99.19166667 27.05833333 9.95281024
99.17500000 27.04166667 9.92924001
99.17500000 27.02500000 9.91257335
99.17500000 27.00833333 9.89590668
99.17500000 26.99166667 9.87924001
99.17500000 26.97500000 9.86257335
99.19166667 26.95833333 9.83900312
99.19166667 26.94166667 9.82233645
99.19166667 26.92500000 9.80566979
99.20833333 26.90833333 9.78209956
99.20833333 26.89166667 9.76543289
99.20833333 26.87500000 9.74876623
99.19166667 26.85833333 9.72519600
99.17500000 26.84166667 9.70162577
99.17500000 26.82500000 9.68495911
99.17500000 26.80833333 9.66829244
99.17500000 26.79166667 9.65162577
99.17500000 26.77500000 9.63495911
99.15833333 26.75833333 9.61138888
99.15833333 26.74166667 9.59472222
99.15833333 26.72500000 9.57805555
99.17500000 26.70833333 9.55448532
99.17500000 26.69166667 9.53781866
99.17500000 26.67500000 9.52115199
99.15833333 26.65833333 9.49758176
99.15833333 26.64166667 9.48091510
99.15833333 26.62500000 9.46424843
99.15833333 26.60833333 9.44758176
99.15833333 26.59166667 9.43091510
99.14166667 26.57500000 9.40734487
99.12500000 26.55833333 9.38377464
99.12500000 26.54166667 9.36710798
99.10833333 26.52500000 9.34353775
99.12500000 26.50833333 9.31996753
99.14166667 26.49166667 9.29639730
99.15833333 26.49166667 9.27973063
99.15833333 26.47500000 9.26306397
99.15833333 26.45833333 9.24639730
99.15833333 26.44166667 9.22973063
99.15833333 26.42500000 9.21306397
99.15833333 26.40833333 9.19639730
99.15833333 26.39166667 9.17973063
99.15833333 26.37500000 9.16306397
99.15833333 26.35833333 9.14639730
99.15833333 26.34166667 9.12973063
99.15833333 26.32500000 9.11306397
99.15833333 26.30833333 9.09639730
99.15833333 26.29166667 9.07973063
99.15833333 26.27500000 9.06306397
99.14166667 26.25833333 9.03949374
99.15833333 26.24166667 9.01592351
99.15833333 26.22500000 8.99925685
99.14166667 26.20833333 8.97568662
99.14166667 26.19166667 8.95901995
99.15833333 26.17500000 8.93544973
99.15833333 26.15833333 8.91878306
99.14166667 26.14166667 8.89521284
99.14166667 26.12500000 8.87854617
99.14166667 26.10833333 8.86187950
99.14166667 26.09166667 8.84521284
99.14166667 26.07500000 8.82854617
99.14166667 26.05833333 8.81187950
99.14166667 26.04166667 8.79521284
99.15833333 26.02500000 8.77164261
99.15833333 26.00833333 8.75497594
99.15833333 25.99166667 8.73830928
99.15833333 25.97500000 8.72164261
99.15833333 25.95833333 8.70497594
99.15833333 25.94166667 8.68830928
99.17500000 25.92500000 8.66473905
99.17500000 25.90833333 8.64807238
99.15833333 25.89166667 8.62450216
99.17500000 25.87500000 8.60093193
99.17500000 25.85833333 8.58426527
99.19166667 25.84166667 8.56069504
99.20833333 25.82500000 8.53712481
99.20833333 25.80833333 8.52045815
99.22500000 25.79166667 8.49688792
99.24166667 25.77500000 8.47331769
99.25833333 25.75833333 8.44974747
99.25833333 25.74166667 8.43308080
99.25833333 25.72500000 8.41641413
99.25833333 25.70833333 8.39974747
99.27500000 25.69166667 8.37617724
99.27500000 25.67500000 8.35951058
99.27500000 25.65833333 8.34284391
99.29166667 25.64166667 8.31927368
99.29166667 25.62500000 8.30260702
99.30833333 25.60833333 8.27903679
99.32500000 25.60833333 8.26237012
99.34166667 25.60833333 8.24570346
99.34166667 25.59166667 8.22903679
99.35833333 25.57500000 8.20546656
99.35833333 25.55833333 8.18879990
99.35833333 25.54166667 8.17213323
99.34166667 25.52500000 8.14856300
99.34166667 25.50833333 8.13189634
99.34166667 25.49166667 8.11522967
99.35833333 25.47500000 8.09165945
99.37500000 25.45833333 8.06808922
99.35833333 25.44166667 8.04451899
99.35833333 25.42500000 8.02785233
99.34166667 25.40833333 8.00428210
99.32500000 25.42500000 7.98071187
99.30833333 25.40833333 7.95714165
99.30833333 25.39166667 7.94047498
99.30833333 25.37500000 7.92380832
99.30833333 25.35833333 7.90714165
99.32500000 25.34166667 7.88357142
99.34166667 25.32500000 7.86000120
99.35833333 25.32500000 7.84333453
99.37500000 25.30833333 7.81976430
99.37500000 25.29166667 7.80309764
99.39166667 25.27500000 7.77952741
99.39166667 25.25833333 7.76286074
99.40833333 25.24166667 7.73929052
99.40833333 25.22500000 7.72262385
99.42500000 25.20833333 7.69905363
99.44166667 25.20833333 7.68238696
99.45833333 25.19166667 7.65881673
99.47500000 25.17500000 7.63524651
99.49166667 25.15833333 7.61167628
99.50833333 25.14166667 7.58810605
99.52500000 25.12500000 7.56453583
99.54166667 25.10833333 7.54096560
99.55833333 25.12500000 7.51739538
99.57500000 25.12500000 7.50072871
99.59166667 25.10833333 7.47715848
99.60833333 25.10833333 7.46049182
99.62500000 25.10833333 7.44382515
99.64166667 25.09166667 7.42025492
99.65833333 25.07500000 7.39668470
99.67500000 25.05833333 7.37311447
99.69166667 25.04166667 7.34954425
99.70833333 25.02500000 7.32597402
99.70833333 25.00833333 7.30930735
99.72500000 24.99166667 7.28573713
99.74166667 24.97500000 7.26216690
99.75833333 24.95833333 7.23859668
99.75833333 24.94166667 7.22193001
99.75833333 24.92500000 7.20526334
99.75833333 24.90833333 7.18859668
99.75833333 24.89166667 7.17193001
99.77500000 24.87500000 7.14835978
99.79166667 24.87500000 7.13169312
99.80833333 24.87500000 7.11502645
99.82500000 24.85833333 7.09145622
99.84166667 24.84166667 7.06788600
99.85833333 24.82500000 7.04431577
99.85833333 24.80833333 7.02764910
99.87500000 24.79166667 7.00407888
99.87500000 24.77500000 6.98741221
99.89166667 24.75833333 6.96384199
99.90833333 24.75833333 6.94717532
99.92500000 24.75833333 6.93050865
99.94166667 24.75833333 6.91384199
99.95833333 24.74166667 6.89027176
99.97500000 24.74166667 6.87360509
99.99166667 24.74166667 6.85693843
100.00833333 24.74166667 6.84027176
100.02500000 24.74166667 6.82360509
100.04166667 24.74166667 6.80693843
100.05833333 24.74166667 6.79027176
100.07500000 24.72500000 6.76670153
100.09166667 24.72500000 6.75003487
100.10833333 24.70833333 6.72646464
100.10833333 24.69166667 6.70979797
100.10833333 24.67500000 6.69313131
100.12500000 24.65833333 6.66956108
100.14166667 24.67500000 6.64599086
100.15833333 24.69166667 6.62242063
100.17500000 24.70833333 6.59885040
100.19166667 24.72500000 6.57528018
100.20833333 24.74166667 6.55170995
100.22500000 24.74166667 6.53504329
100.24166667 24.74166667 6.51837662
100.25833333 24.74166667 6.50170995
100.27500000 24.74166667 6.48504329
100.29166667 24.75833333 6.46147306
100.30833333 24.75833333 6.44480639
100.32500000 24.75833333 6.42813973
100.34166667 24.75833333 6.41147306
100.35833333 24.74166667 6.38790283
100.37500000 24.72500000 6.36433261
100.39166667 24.72500000 6.34766594
100.40833333 24.70833333 6.32409571
100.42500000 24.69166667 6.30052549
100.44166667 24.67500000 6.27695526
100.45833333 24.65833333 6.25338504
100.47500000 24.64166667 6.22981481
100.49166667 24.62500000 6.20624458
100.50833333 24.60833333 6.18267436
100.52500000 24.59166667 6.15910413
100.52500000 24.57500000 6.14243747
100.52500000 24.55833333 6.12577080
100.52500000 24.54166667 6.10910413
100.52500000 24.52500000 6.09243747
100.54166667 24.50833333 6.06886724
100.55833333 24.49166667 6.04529701
100.55833333 24.47500000 6.02863035
100.54166667 24.45833333 6.00506012
100.52500000 24.44166667 5.98148989
100.52500000 24.42500000 5.96482323
100.52500000 24.40833333 5.94815656
100.52500000 24.39166667 5.93148989
100.52500000 24.37500000 5.91482323
100.52500000 24.35833333 5.89815656
100.52500000 24.34166667 5.88148989
100.52500000 24.32500000 5.86482323
100.52500000 24.30833333 5.84815656
100.52500000 24.29166667 5.83148989
100.52500000 24.27500000 5.81482323
100.52500000 24.25833333 5.79815656
100.52500000 24.24166667 5.78148989
100.52500000 24.22500000 5.76482323
100.52500000 24.20833333 5.74815656
100.52500000 24.19166667 5.73148989
100.52500000 24.17500000 5.71482323
100.52500000 24.15833333 5.69815656
100.52500000 24.14166667 5.68148989
100.52500000 24.12500000 5.66482323
100.50833333 24.10833333 5.64125300
100.50833333 24.09166667 5.62458634
100.50833333 24.07500000 5.60791967
100.50833333 24.05833333 5.59125300
100.49166667 24.04166667 5.56768278
100.49166667 24.02500000 5.55101611
100.47500000 24.00833333 5.52744588
100.45833333 23.99166667 5.50387566
100.44166667 23.97500000 5.48030543
100.42500000 23.95833333 5.45673520
100.42500000 23.94166667 5.44006854
100.42500000 23.92500000 5.42340187
100.40833333 23.90833333 5.39983165
100.39166667 23.89166667 5.37626142
100.37500000 23.87500000 5.35269119
100.35833333 23.85833333 5.32912097
100.34166667 23.84166667 5.30555074
100.32500000 23.82500000 5.28198052
100.30833333 23.80833333 5.25841029
100.30833333 23.79166667 5.24174362
100.29166667 23.77500000 5.21817340
100.29166667 23.75833333 5.20150673
100.29166667 23.74166667 5.18484006
100.29166667 23.72500000 5.16817340
100.29166667 23.70833333 5.15150673
100.30833333 23.69166667 5.12793650
100.32500000 23.69166667 5.11126984
100.34166667 23.67500000 5.08769961
100.34166667 23.65833333 5.07103294
100.35833333 23.64166667 5.04746272
100.34166667 23.62500000 5.02389249
100.32500000 23.60833333 5.00032227
100.30833333 23.59166667 4.97675204
100.29166667 23.57500000 4.95318181
100.29166667 23.55833333 4.93651515
100.27500000 23.54166667 4.91294492
100.25833333 23.54166667 4.89627825
100.24166667 23.54166667 4.87961159
100.22500000 23.54166667 4.86294492
100.20833333 23.54166667 4.84627825
100.19166667 23.54166667 4.82961159
100.17500000 23.52500000 4.80604136
100.17500000 23.50833333 4.78937470
100.17500000 23.49166667 4.77270803
100.15833333 23.47500000 4.74913780
100.15833333 23.45833333 4.73247114
100.14166667 23.44166667 4.70890091
100.12500000 23.42500000 4.68533068
100.10833333 23.40833333 4.66176046
100.10833333 23.39166667 4.64509379
100.10833333 23.37500000 4.62842712
100.09166667 23.35833333 4.60485690
100.09166667 23.34166667 4.58819023
100.09166667 23.32500000 4.57152357
100.10833333 23.30833333 4.54795334
100.10833333 23.29166667 4.53128667
100.10833333 23.27500000 4.51462001
100.10833333 23.25833333 4.49795334
100.09166667 23.24166667 4.47438311
100.07500000 23.22500000 4.45081289
100.05833333 23.20833333 4.42724266
100.07500000 23.19166667 4.40367244
100.09166667 23.19166667 4.38700577
100.10833333 23.17500000 4.36343554
100.12500000 23.17500000 4.34676888
100.14166667 23.15833333 4.32319865
100.14166667 23.14166667 4.30653198
100.14166667 23.12500000 4.28986532
100.14166667 23.10833333 4.27319865
100.15833333 23.09166667 4.24962842
100.17500000 23.07500000 4.22605820
100.17500000 23.05833333 4.20939153
100.19166667 23.04166667 4.18582130
100.20833333 23.02500000 4.16225108
100.22500000 23.00833333 4.13868085
100.24166667 23.00833333 4.12201419
100.25833333 22.99166667 4.09844396
100.27500000 22.99166667 4.08177729
100.29166667 22.97500000 4.05820707
100.30833333 22.95833333 4.03463684
100.32500000 22.94166667 4.01106662
100.30833333 22.92500000 3.98749639
100.30833333 22.90833333 3.97082972
100.32500000 22.89166667 3.94725950
100.34166667 22.87500000 3.92368927
100.35833333 22.85833333 3.90011904
100.35833333 22.84166667 3.88345238
100.35833333 22.82500000 3.86678571
100.37500000 22.80833333 3.84321549
100.37500000 22.79166667 3.82654882
100.39166667 22.77500000 3.80297859
100.39166667 22.75833333 3.78631193
100.39166667 22.74166667 3.76964526
100.39166667 22.72500000 3.75297859
100.39166667 22.70833333 3.73631193
100.39166667 22.69166667 3.71964526
100.40833333 22.67500000 3.69607503
100.42500000 22.65833333 3.67250481
100.44166667 22.64166667 3.64893458
100.45833333 22.62500000 3.62536436
100.47500000 22.60833333 3.60179413
100.49166667 22.59166667 3.57822390
100.50833333 22.57500000 3.55465368
100.52500000 22.57500000 3.53798701
100.54166667 22.55833333 3.51441678
100.55833333 22.55833333 3.49775012
100.57500000 22.54166667 3.47417989
100.59166667 22.52500000 3.45060967
100.60833333 22.50833333 3.42703944
100.60833333 22.49166667 3.41037277
100.60833333 22.47500000 3.39370611
100.60833333 22.45833333 3.37703944
100.60833333 22.44166667 3.36037277
100.59166667 22.42500000 3.33680255
100.60833333 22.40833333 3.31323232
100.62500000 22.39166667 3.28966209
100.64166667 22.37500000 3.26609187
100.64166667 22.35833333 3.24942520
100.64166667 22.34166667 3.23275854
100.64166667 22.32500000 3.21609187
100.62500000 22.30833333 3.19252164
100.62500000 22.29166667 3.17585498
100.64166667 22.27500000 3.15228475
100.65833333 22.27500000 3.13561808
100.67500000 22.27500000 3.11895142
100.69166667 22.27500000 3.10228475
100.70833333 22.25833333 3.07871452
100.72500000 22.24166667 3.05514430
100.72500000 22.22500000 3.03847763
100.72500000 22.20833333 3.02181096
100.72500000 22.19166667 3.00514430
100.74166667 22.17500000 2.98157407
100.74166667 22.15833333 2.96490741
100.72500000 22.14166667 2.94133718
100.74166667 22.12500000 2.91776695
100.75833333 22.10833333 2.89419673
100.77500000 22.10833333 2.87753006
100.79166667 22.10833333 2.86086339
100.79166667 22.09166667 2.84419673
100.77500000 22.07500000 2.82062650
100.77500000 22.05833333 2.80395983
100.79166667 22.04166667 2.78038961
100.80833333 22.02500000 2.75681938
100.82500000 22.00833333 2.73324916
100.84166667 21.99166667 2.70967893
100.85833333 21.97500000 2.68610870
100.87500000 21.95833333 2.66253848
100.89166667 21.94166667 2.63896825
100.90833333 21.92500000 2.61539803
100.92500000 21.90833333 2.59182780
100.94166667 21.89166667 2.56825757
100.95833333 21.87500000 2.54468735
100.97500000 21.85833333 2.52111712
100.99166667 21.84166667 2.49754690
101.00833333 21.84166667 2.48088023
101.02500000 21.84166667 2.46421356
101.04166667 21.84166667 2.44754690
101.05833333 21.84166667 2.43088023
101.07500000 21.82500000 2.40731000
101.07500000 21.80833333 2.39064334
101.07500000 21.79166667 2.37397667
101.09166667 21.77500000 2.35040644
101.07500000 21.75833333 2.32683622
101.05833333 21.74166667 2.30326599
101.04166667 21.72500000 2.27969577
101.02500000 21.70833333 2.25612554
101.00833333 21.70833333 2.23945887
100.99166667 21.69166667 2.21588865
100.97500000 21.67500000 2.19231842
100.95833333 21.65833333 2.16874819
100.94166667 21.64166667 2.14517797
100.92500000 21.62500000 2.12160774
100.90833333 21.62500000 2.10494108
100.89166667 21.60833333 2.08137085
100.87500000 21.59166667 2.05780062
100.85833333 21.57500000 2.03423040
100.84166667 21.55833333 2.01066017
100.82500000 21.54166667 1.98708995
100.80833333 21.52500000 1.96351972
100.79166667 21.50833333 1.93994949
100.77500000 21.49166667 1.91637927
100.75833333 21.47500000 1.89280904
100.74166667 21.45833333 1.86923882
100.72500000 21.44166667 1.84566859
100.72500000 21.42500000 1.82900192
100.72500000 21.40833333 1.81233526
100.72500000 21.39166667 1.79566859
100.74166667 21.37500000 1.77209836
100.74166667 21.35833333 1.75543170
100.74166667 21.34166667 1.73876503
100.74166667 21.32500000 1.72209836
100.74166667 21.30833333 1.70543170
100.72500000 21.29166667 1.68186147
100.72500000 21.27500000 1.66519480
100.72500000 21.25833333 1.64852814
100.72500000 21.24166667 1.63186147
100.72500000 21.22500000 1.61519480
100.70833333 21.20833333 1.59162458
100.70833333 21.19166667 1.57495791
100.70833333 21.17500000 1.55829124
100.69166667 21.15833333 1.53472102
100.69166667 21.14166667 1.51805435
100.67500000 21.12500000 1.49448413
100.65833333 21.10833333 1.47091390
100.64166667 21.09166667 1.44734367
100.64166667 21.07500000 1.43067701
100.62500000 21.05833333 1.40710678
100.62500000 21.04166667 1.39044011
100.60833333 21.02500000 1.36686989
100.59166667 21.02500000 1.35020322
100.57500000 21.00833333 1.32663300
100.57500000 20.99166667 1.30996633
100.55833333 20.97500000 1.28639610
100.54166667 20.95833333 1.26282588
100.54166667 20.94166667 1.24615921
100.54166667 20.92500000 1.22949254
100.52500000 20.90833333 1.20592232
100.52500000 20.89166667 1.18925565
100.52500000 20.87500000 1.17258898
100.50833333 20.85833333 1.14901876
100.49166667 20.84166667 1.12544853
100.47500000 20.82500000 1.10187831
100.45833333 20.82500000 1.08521164
100.44166667 20.82500000 1.06854497
100.42500000 20.80833333 1.04497475
100.40833333 20.80833333 1.02830808
100.39166667 20.79166667 1.00473785
100.37500000 20.77500000 0.98116763
100.35833333 20.77500000 0.96450096
100.34166667 20.77500000 0.94783429
100.32500000 20.77500000 0.93116763
100.30833333 20.75833333 0.90759740
100.29166667 20.74166667 0.88402718
100.27500000 20.74166667 0.86736051
100.25833333 20.72500000 0.84379028
100.24166667 20.70833333 0.82022006
100.22500000 20.69166667 0.79664983
100.20833333 20.67500000 0.77307961
100.20833333 20.65833333 0.75641294
100.19166667 20.64166667 0.73284271
100.19166667 20.62500000 0.71617605
100.17500000 20.60833333 0.69260582
100.17500000 20.59166667 0.67593915
100.17500000 20.57500000 0.65927249
100.17500000 20.55833333 0.64260582
100.15833333 20.54166667 0.61903559
100.15833333 20.52500000 0.60236893
100.15833333 20.50833333 0.58570226
100.15833333 20.49166667 0.56903559
100.15833333 20.47500000 0.55236893
100.14166667 20.45833333 0.52879870
100.14166667 20.44166667 0.51213203
100.14166667 20.42500000 0.49546537
100.12500000 20.40833333 0.47189514
100.12500000 20.39166667 0.45522847
100.12500000 20.37500000 0.43856181
100.12500000 20.35833333 0.42189514
100.12500000 20.34166667 0.40522847
100.12500000 20.32500000 0.38856181
100.12500000 20.30833333 0.37189514
100.12500000 20.29166667 0.35522847
100.12500000 20.27500000 0.33856181
100.12500000 20.25833333 0.32189514
100.12500000 20.24166667 0.30522847
100.10833333 20.22500000 0.28165825
100.09166667 20.20833333 0.25808802
100.09166667 20.19166667 0.24142136
100.09166667 20.17500000 0.22475469
100.09166667 20.15833333 0.20808802
100.07500000 20.14166667 0.18451780
100.05833333 20.12500000 0.16094757
100.04166667 20.10833333 0.13737734
100.02500000 20.09166667 0.11380712
100.02500000 20.07500000 0.09714045
100.00833333 20.07500000 0.08047379
99.99166667 20.05833333 0.05690356
99.97500000 20.04166667 0.03333333
99.97500000 20.02500000 0.01666667
99.97500000 20.00833333 0.00000000
