94.50291663 33.41102434 19.66037520
94.50291663 33.39437503 19.64372590
94.50291663 33.37772573 19.62707659
94.51956941 33.36107642 19.60352846
94.51956941 33.34442712 19.58687916
94.51956941 33.32777781 19.57022985
94.53622219 33.32777781 19.55357707
94.55287497 33.31112851 19.53002894
94.56952774 33.29447920 19.50648081
94.58618052 33.27782989 19.48293269
94.60283330 33.26118059 19.45938456
94.61948608 33.24453128 19.43583643
94.61948608 33.22788198 19.41918712
94.63613886 33.21123267 19.39563899
94.63613886 33.19458337 19.37898969
94.65279163 33.17793406 19.35544156
94.66944441 33.16128476 19.33189343
94.68609719 33.16128476 19.31524065
94.70274997 33.16128476 19.29858787
94.71940274 33.16128476 19.28193510
94.73605552 33.16128476 19.26528232
94.75270830 33.16128476 19.24862954
94.76936108 33.16128476 19.23197676
94.78601386 33.16128476 19.21532398
94.80266663 33.16128476 19.19867121
94.81931941 33.16128476 19.18201843
94.83597219 33.16128476 19.16536565
94.85262497 33.16128476 19.14871287
94.86927774 33.16128476 19.13206010
94.88593052 33.14463545 19.10851197
94.90258330 33.12798614 19.08496384
94.91923608 33.11133684 19.06141571
94.93588886 33.11133684 19.04476293
94.95254163 33.09468753 19.02121480
94.96919441 33.07803823 18.99766667
94.98584719 33.07803823 18.98101390
95.00249997 33.07803823 18.96436112
95.01915274 33.06138892 18.94081299
95.03580552 33.06138892 18.92416021
95.05245830 33.06138892 18.90750743
95.06911108 33.06138892 18.89085465
95.08576386 33.04473962 18.86730653
95.08576386 33.02809031 18.85065722
95.10241663 33.01144101 18.82710909
95.10241663 32.99479170 18.81045979
95.10241663 32.97814239 18.79381048
95.10241663 32.94484378 18.74671422
95.11906941 32.96149309 18.77026235
95.11906941 32.92819448 18.72316609
95.13572219 32.92819448 18.70651332
95.15237497 32.92819448 18.68986054
95.16902774 32.91154517 18.66631241
95.18568052 32.91154517 18.64965963
95.20233330 32.89489587 18.62611150
95.21898608 32.87824656 18.60256337
95.23563886 32.87824656 18.58591059
95.25229163 32.87824656 18.56925782
95.26894441 32.87824656 18.55260504
95.28559719 32.86159726 18.52905691
95.30224997 32.86159726 18.51240413
95.31890274 32.86159726 18.49575135
95.33555552 32.86159726 18.47909858
95.35220830 32.86159726 18.46244580
95.36886108 32.86159726 18.44579302
95.38551386 32.86159726 18.42914024
95.40216663 32.84494795 18.40559211
95.41881941 32.82829864 18.38204398
95.43547219 32.82829864 18.36539121
95.45212497 32.84494795 18.34184308
95.46877774 32.84494795 18.32519030
95.48543052 32.82829864 18.30164217
95.50208330 32.84494795 18.27809404
95.51873608 32.84494795 18.26144126
95.53538886 32.84494795 18.24478849
95.55204163 32.84494795 18.22813571
95.56869441 32.82829864 18.20458758
95.58534719 32.81164934 18.18103945
95.60199997 32.79500003 18.15749132
95.61865274 32.77835073 18.13394319
95.63530552 32.76170142 18.11039506
95.63530552 32.74505212 18.09374576
95.65195830 32.72840281 18.07019763
95.65195830 32.71175351 18.05354832
95.66861108 32.69510420 18.03000019
95.68526386 32.67845489 18.00645207
95.70191663 32.67845489 17.98979929
95.71856941 32.67845489 17.97314651
95.73522219 32.66180559 17.94959838
95.75187497 32.66180559 17.93294560
95.76852774 32.64515628 17.90939747
95.78518052 32.62850698 17.88584934
95.80183330 32.62850698 17.86919657
95.81848608 32.62850698 17.85254379
95.83513886 32.62850698 17.83589101
95.85179163 32.61185767 17.81234288
95.85179163 32.59520837 17.79569358
95.86844441 32.57855906 17.77214545
95.88509719 32.57855906 17.75549267
95.90174997 32.56190976 17.73194454
95.91840274 32.54526045 17.70839641
95.93505552 32.52861114 17.68484828
95.95170830 32.52861114 17.66819550
95.96836108 32.52861114 17.65154273
95.98501386 32.51196184 17.62799460
96.00166663 32.51196184 17.61134182
96.01831941 32.52861114 17.58779369
96.03497219 32.52861114 17.57114091
96.05162497 32.54526045 17.54759278
96.06827774 32.54526045 17.53094001
96.08493052 32.54526045 17.51428723
96.10158330 32.54526045 17.49763445
96.11823608 32.54526045 17.48098167
96.13488886 32.54526045 17.46432890
96.15154163 32.54526045 17.44767612
96.16819441 32.54526045 17.43102334
96.18484719 32.54526045 17.41437056
96.20149997 32.52861114 17.39082243
96.21815274 32.52861114 17.37416966
96.23480552 32.51196184 17.35062153
96.25145830 32.51196184 17.33396875
96.26811108 32.49531253 17.31042062
96.28476386 32.47866323 17.28687249
96.30141663 32.47866323 17.27021971
96.31806941 32.46201392 17.24667158
96.33472219 32.44536462 17.22312345
96.35137497 32.42871531 17.19957532
96.36802774 32.41206601 17.17602720
96.38468052 32.41206601 17.15937442
96.40133330 32.41206601 17.14272164
96.41798608 32.39541670 17.11917351
96.43463886 32.39541670 17.10252073
96.43463886 32.37876739 17.08587143
96.43463886 32.36211809 17.06922212
96.43463886 32.34546878 17.05257282
96.45129163 32.32881948 17.02902469
96.46794441 32.31217017 17.00547656
96.46794441 32.29552087 16.98882725
96.48459719 32.27887156 16.96527912
96.50124997 32.26222226 16.94173099
96.50124997 32.24557295 16.92508169
96.51790274 32.22892364 16.90153356
96.51790274 32.21227434 16.88488425
96.51790274 32.19562503 16.86823495
96.53455552 32.17897573 16.84468682
96.55120830 32.16232642 16.82113869
96.56786108 32.14567712 16.79759056
96.58451386 32.12902781 16.77404243
96.60116663 32.11237851 16.75049430
96.61781941 32.11237851 16.73384153
96.63447219 32.11237851 16.71718875
96.65112497 32.09572920 16.69364062
96.66777774 32.09572920 16.67698784
96.68443052 32.09572920 16.66033506
96.70108330 32.07907989 16.63678693
96.71773608 32.09572920 16.61323881
96.73438886 32.11237851 16.58969068
96.75104163 32.09572920 16.56614255
96.76769441 32.07907989 16.54259442
96.76769441 32.06243059 16.52594511
96.78434719 32.04578128 16.50239698
96.80099997 32.02913198 16.47884885
96.81765274 32.02913198 16.46219608
96.83430552 32.02913198 16.44554330
96.85095830 32.01248267 16.42199517
96.85095830 31.99583337 16.40534586
96.85095830 31.97918406 16.38869656
96.86761108 31.96253476 16.36514843
96.88426386 31.96253476 16.34849565
96.90091663 31.96253476 16.33184287
96.91756941 31.96253476 16.31519010
96.93422219 31.96253476 16.29853732
96.95087497 31.96253476 16.28188454
96.96752774 31.94588545 16.25833641
96.98418052 31.92923614 16.23478828
96.98418052 31.91258684 16.21813898
97.00083330 31.89593753 16.19459085
97.00083330 31.87928823 16.17794154
97.00083330 31.86263892 16.16129224
97.01748608 31.84598962 16.13774411
97.01748608 31.82934031 16.12109480
97.01748608 31.81269101 16.10444550
97.01748608 31.79604170 16.08779619
97.01748608 31.77939239 16.07114689
97.03413886 31.76274309 16.04759876
97.03413886 31.74609378 16.03094945
97.05079163 31.72944448 16.00740132
97.06744441 31.71279517 15.98385319
97.08409719 31.69614587 15.96030506
97.10074997 31.67949656 15.93675693
97.10074997 31.66284726 15.92010763
97.10074997 31.64619795 15.90345832
97.10074997 31.62954864 15.88680902
97.10074997 31.61289934 15.87015971
97.11740274 31.59625003 15.84661158
97.13405552 31.57960073 15.82306345
97.13405552 31.56295142 15.80641415
97.15070830 31.54630212 15.78286602
97.16736108 31.54630212 15.76621324
97.16736108 31.27991323 15.43083612
97.16736108 31.26326392 15.41418681
97.16736108 31.24661462 15.39753751
97.16736108 31.22996531 15.38088820
97.18401386 31.52965281 15.74266511
97.18401386 31.29656253 15.45438425
97.18401386 31.21331601 15.35734007
97.20066663 31.51300351 15.71911698
97.20066663 31.46305559 15.65537142
97.20066663 31.44640628 15.63872211
97.20066663 31.42975698 15.62207281
97.20066663 31.41310767 15.60542350
97.20066663 31.31321184 15.47793238
97.20066663 31.19666670 15.33379194
97.20066663 31.18001739 15.31714264
97.20066663 31.16336809 15.30049333
97.20066663 31.14671878 15.28384403
97.20066663 31.13006948 15.26719472
97.21731941 31.49635420 15.69556885
97.21731941 31.47970489 15.67891955
97.21731941 31.39645837 15.58187537
97.21731941 31.37980906 15.56522607
97.21731941 31.34651045 15.51812981
97.21731941 31.32986114 15.50148050
97.21731941 31.11342017 15.24364659
97.21731941 31.09677087 15.22699729
97.21731941 31.08012156 15.21034798
97.21731941 31.06347226 15.19369867
97.23397219 31.36315976 15.54167794
97.23397219 31.04682295 15.17015055
97.25062497 31.03017364 15.14660242
97.26727774 31.01352434 15.12305429
97.28393052 31.01352434 15.10640151
97.30058330 30.99687503 15.08285338
97.31723608 30.98022573 15.05930525
97.33388886 30.96357642 15.03575712
97.35054163 30.94692712 15.01220899
97.35054163 30.91362851 14.96511274
97.35054163 30.89697920 14.94846343
97.35054163 30.88032989 14.93181412
97.35054163 30.86368059 14.91516482
97.35054163 30.84703128 14.89851551
97.35054163 30.83038198 14.88186621
97.35054163 30.81373267 14.86521690
97.36719441 30.93027781 14.98866086
97.36719441 30.79708337 14.84166877
97.36719441 30.78043406 14.82501947
97.38384719 30.76378476 14.80147134
97.38384719 30.74713545 14.78482203
97.38384719 30.73048614 14.76817273
97.40049997 30.71383684 14.74462460
97.41715274 30.69718753 14.72107647
97.43380552 30.68053823 14.69752834
97.45045830 30.66388892 14.67398021
97.46711108 30.66388892 14.65732743
97.48376386 30.64723962 14.63377930
97.50041663 30.63059031 14.61023117
97.51706941 30.61394101 14.58668305
97.53372219 30.59729170 14.56313492
97.55037497 30.58064239 14.53958679
97.56702774 30.56399309 14.51603866
97.58368052 30.54734378 14.49249053
97.60033330 30.53069448 14.46894240
97.60033330 30.51404517 14.45229309
97.61698608 30.49739587 14.42874497
97.61698608 30.48074656 14.41209566
97.63363886 30.46409726 14.38854753
97.63363886 30.44744795 14.37189823
97.65029163 30.43079864 14.34835010
97.66694441 30.41414934 14.32480197
97.68359719 30.39750003 14.30125384
97.70024997 30.38085073 14.27770571
97.71690274 30.39750003 14.25415758
97.73355552 30.38085073 14.23060945
97.75020830 30.38085073 14.21395667
97.75020830 30.36420142 14.19730737
97.76686108 30.34755212 14.17375924
97.78351386 30.34755212 14.15710646
97.80016663 30.33090281 14.13355833
97.80016663 30.31425351 14.11690903
97.81681941 30.29760420 14.09336090
97.83347219 30.28095489 14.06981277
97.85012497 30.28095489 14.05315999
97.86677774 30.26430559 14.02961186
97.86677774 30.24765628 14.01296256
97.88343052 30.23100698 13.98941443
97.90008330 30.23100698 13.97276165
97.91673608 30.23100698 13.95610887
97.93338886 30.21435767 13.93256074
97.95004163 30.19770837 13.90901261
97.95004163 30.18105906 13.89236331
97.96669441 30.16440976 13.86881518
97.98334719 30.14776045 13.84526705
97.99999997 30.13111114 13.82171892
97.99999997 30.11446184 13.80506961
97.99999997 30.09781253 13.78842031
97.99999997 30.08116323 13.77177100
97.99999997 30.06451392 13.75512170
98.01665274 30.04786462 13.73157357
98.03330552 30.03121531 13.70802544
98.04995830 30.01456601 13.68447731
98.04995830 29.99791670 13.66782801
98.04995830 29.98126739 13.65117870
98.06661108 29.96461809 13.62763057
98.08326386 29.94796878 13.60408244
98.09991663 29.93131948 13.58053431
98.11656941 29.91467017 13.55698618
98.11656941 29.89802087 13.54033688
98.11656941 29.88137156 13.52368757
98.13322219 29.86472226 13.50013944
98.14987497 29.84807295 13.47659131
98.14987497 29.83142364 13.45994201
98.16652774 29.81477434 13.43639388
98.18318052 29.81477434 13.41974110
98.19983330 29.81477434 13.40308832
98.21648608 29.79812503 13.37954019
98.23313886 29.78147573 13.35599207
98.24979163 29.76482642 13.33244394
98.26644441 29.74817712 13.30889581
98.26644441 29.73152781 13.29224650
98.28309719 29.71487851 13.26869837
98.29974997 29.69822920 13.24515024
98.31640274 29.68157989 13.22160211
98.33305552 29.66493059 13.19805399
98.34970830 29.64828128 13.17450586
98.34970830 29.61498267 13.12740960
98.34970830 29.59833337 13.11076029
98.34970830 29.58168406 13.09411099
98.34970830 29.56503476 13.07746168
98.36636108 29.63163198 13.15095773
98.36636108 29.54838545 13.05391355
98.36636108 29.53173614 13.03726425
98.38301386 29.51508684 13.01371612
98.38301386 29.49843753 12.99706681
98.39966663 29.48178823 12.97351868
98.39966663 29.46513892 12.95686938
98.39966663 29.44848962 12.94022007
98.41631941 29.43184031 12.91667194
98.43297219 29.41519101 12.89312381
98.43297219 29.39854170 12.87647451
98.44962497 29.38189239 12.85292638
98.44962497 29.36524309 12.83627707
98.44962497 29.34859378 12.81962777
98.46627774 29.33194448 12.79607964
98.48293052 29.33194448 12.77942686
98.49958330 29.31529517 12.75587873
98.49958330 29.29864587 12.73922943
98.51623608 29.28199656 12.71568130
98.53288886 29.28199656 12.69902852
98.54954163 29.26534726 12.67548039
98.56619441 29.24869795 12.65193226
98.56619441 29.23204864 12.63528296
98.58284719 29.21539934 12.61173483
98.58284719 29.19875003 12.59508552
98.59949997 29.18210073 12.57153739
98.59949997 29.03225698 12.37054675
98.59949997 29.01560767 12.35389744
98.61615274 29.18210073 12.55488461
98.61615274 29.16545142 12.53823531
98.61615274 29.08220489 12.42739349
98.61615274 29.06555559 12.41074418
98.61615274 29.04890628 12.39409488
98.61615274 28.99895837 12.33034931
98.61615274 28.98230906 12.31370001
98.63280552 29.14880212 12.51468718
98.63280552 29.11550351 12.46759092
98.63280552 29.09885420 12.45094162
98.63280552 28.96565976 12.29015188
98.63280552 28.94901045 12.27350257
98.64945830 29.13215281 12.49113905
98.64945830 28.93236114 12.24995444
98.64945830 28.88241323 12.18620888
98.64945830 28.86576392 12.16955957
98.66611108 28.91571184 12.22640631
98.66611108 28.89906253 12.20975701
98.66611108 28.84911462 12.14601144
98.66611108 28.83246531 12.12936214
98.66611108 28.81581601 12.11271283
98.66611108 28.79916670 12.09606353
98.68276386 28.78251739 12.07251540
98.68276386 28.76586809 12.05586609
98.68276386 28.74921878 12.03921679
98.68276386 28.71592017 11.99212053
98.68276386 28.69927087 11.97547122
98.69941663 28.73256948 12.01566866
98.69941663 28.68262156 11.95192310
98.71606941 28.66597226 11.92837497
98.71606941 28.64932295 11.91172566
98.73272219 28.63267364 11.88817753
98.74937497 28.61602434 11.86462940
98.76602774 28.59937503 11.84108127
98.78268052 28.58272573 11.81753314
98.78268052 28.56607642 11.80088384
98.79933330 28.54942712 11.77733571
98.79933330 28.53277781 11.76068640
98.79933330 28.51612851 11.74403710
98.79933330 28.49947920 11.72738779
98.81598608 28.48282989 11.70383966
98.83263886 28.46618059 11.68029153
98.83263886 28.44953128 11.66364223
98.84929163 28.43288198 11.64009410
98.84929163 28.41623267 11.62344479
98.86594441 28.39958337 11.59989667
98.86594441 28.38293406 11.58324736
98.86594441 28.36628476 11.56659805
98.86594441 28.29968753 11.48620319
98.86594441 28.28303823 11.46955388
98.86594441 28.26638892 11.45290457
98.86594441 28.24973962 11.43625527
98.86594441 28.23309031 11.41960596
98.86594441 28.21644101 11.40295666
98.86594441 28.19979170 11.38630735
98.86594441 28.18314239 11.36965805
98.88259719 28.34963545 11.54304993
98.88259719 28.33298614 11.52640062
98.88259719 28.31633684 11.50975131
98.88259719 28.16649309 11.34610992
98.88259719 28.14984378 11.32946061
98.89924997 28.13319448 11.30591248
98.91590274 28.11654517 11.28236435
98.91590274 28.04994795 11.20196948
98.91590274 28.03329864 11.18532018
98.91590274 28.01664934 11.16867087
98.91590274 28.00000003 11.15202157
98.91590274 27.98335073 11.13537226
98.91590274 27.96670142 11.11872296
98.91590274 27.95005212 11.10207365
98.93255552 28.09989587 11.25881622
98.93255552 28.08324656 11.24216692
98.93255552 28.06659726 11.22551761
98.93255552 27.93340281 11.07852552
98.94920830 27.91675351 11.05497739
98.94920830 27.90010420 11.03832809
98.96586108 27.90010420 11.02167531
98.98251386 27.88345489 10.99812718
98.99916663 27.88345489 10.98147440
99.01581941 27.86680559 10.95792627
99.01581941 27.85015628 10.94127697
99.01581941 27.63371531 10.68344305
99.01581941 27.60041670 10.63634680
99.01581941 27.51717017 10.52550497
99.03247219 27.83350698 10.91772884
99.03247219 27.78355906 10.85398328
99.03247219 27.65036462 10.70699118
99.03247219 27.61706601 10.65989493
99.03247219 27.58376739 10.61279867
99.03247219 27.56711809 10.59614936
99.03247219 27.53381948 10.54905310
99.03247219 27.50052087 10.50195685
99.04912497 27.81685767 10.89418071
99.04912497 27.80020837 10.87753140
99.04912497 27.76690976 10.83043515
99.04912497 27.75026045 10.81378584
99.04912497 27.73361114 10.79713653
99.04912497 27.71696184 10.78048723
99.04912497 27.70031253 10.76383792
99.04912497 27.68366323 10.74718862
99.04912497 27.66701392 10.73053931
99.04912497 27.55046878 10.57260123
99.04912497 27.48387156 10.47840872
99.04912497 27.46722226 10.46175941
99.04912497 27.45057295 10.44511011
99.06577774 27.43392364 10.42156198
99.06577774 27.41727434 10.40491267
99.08243052 27.40062503 10.38136454
99.08243052 27.38397573 10.36471524
99.08243052 27.23413198 10.18727619
99.09908330 27.36732642 10.34116711
99.09908330 27.35067712 10.32451780
99.09908330 27.33402781 10.30786850
99.09908330 27.25078128 10.21082432
99.09908330 27.21748267 10.16372806
99.09908330 27.20083337 10.14707876
99.09908330 26.51821184 9.33456814
99.11573608 27.31737851 10.28432037
99.11573608 27.30072920 10.26767106
99.11573608 27.28407989 10.25102176
99.11573608 27.26743059 10.23437245
99.11573608 27.18418406 10.12353063
99.11573608 26.55151045 9.37476558
99.11573608 26.53486114 9.35811627
99.11573608 26.50156253 9.31102002
99.13238886 27.18418406 10.10687785
99.13238886 26.56815976 9.39831371
99.13238886 26.48491323 9.28747189
99.13238886 26.25182295 9.03083001
99.13238886 26.20187503 8.96708444
99.13238886 26.18522573 8.95043514
99.13238886 26.13527781 8.88668957
99.13238886 26.11862851 8.87004027
99.13238886 26.10197920 8.85339096
99.13238886 26.08532989 8.83674166
99.13238886 26.06868059 8.82009235
99.13238886 26.05203128 8.80344305
99.13238886 26.03538198 8.78679374
99.14904163 27.18418406 10.09022507
99.14904163 26.75130212 9.60215254
99.14904163 26.73465281 9.58550323
99.14904163 26.71800351 9.56885393
99.14904163 26.65140628 9.48845906
99.14904163 26.63475698 9.47180975
99.14904163 26.61810767 9.45516045
99.14904163 26.60145837 9.43851114
99.14904163 26.58480906 9.42186184
99.14904163 26.48491323 9.27081911
99.14904163 26.46826392 9.25416980
99.14904163 26.45161462 9.23752050
99.14904163 26.43496531 9.22087119
99.14904163 26.41831601 9.20422189
99.14904163 26.40166670 9.18757258
99.14904163 26.38501739 9.17092328
99.14904163 26.36836809 9.15427397
99.14904163 26.35171878 9.13762466
99.14904163 26.33506948 9.12097536
99.14904163 26.31842017 9.10432605
99.14904163 26.30177087 9.08767675
99.14904163 26.28512156 9.07102744
99.14904163 26.26847226 9.05437814
99.14904163 26.23517364 9.00728188
99.14904163 26.21852434 8.99063257
99.14904163 26.16857642 8.92688701
99.14904163 26.15192712 8.91023770
99.14904163 26.01873267 8.76324561
99.14904163 26.00208337 8.74659631
99.14904163 25.98543406 8.72994700
99.14904163 25.96878476 8.71329770
99.14904163 25.95213545 8.69664839
99.14904163 25.93548614 8.67999908
99.14904163 25.88553823 8.61625352
99.16569441 27.16753476 10.06667694
99.16569441 27.15088545 10.05002764
99.16569441 27.13423614 10.03337833
99.16569441 27.11758684 10.01672903
99.16569441 27.03434031 9.91968485
99.16569441 27.01769101 9.90303555
99.16569441 27.00104170 9.88638624
99.16569441 26.98439239 9.86973694
99.16569441 26.96774309 9.85308763
99.16569441 26.83454864 9.69229789
99.16569441 26.81789934 9.67564859
99.16569441 26.80125003 9.65899928
99.16569441 26.78460073 9.64234997
99.16569441 26.76795142 9.62570067
99.16569441 26.70135420 9.54530580
99.16569441 26.68470489 9.52865649
99.16569441 26.66805559 9.51200719
99.16569441 25.91883684 8.65645095
99.16569441 25.90218753 8.63980165
99.16569441 25.86888892 8.59270539
99.16569441 25.85223962 8.57605609
99.18234719 27.10093753 9.99318090
99.18234719 27.08428823 9.97653159
99.18234719 27.06763892 9.95988229
99.18234719 27.05098962 9.94323298
99.18234719 26.95109378 9.82953950
99.18234719 26.93444448 9.81289020
99.18234719 26.91779517 9.79624089
99.18234719 26.85119795 9.71584602
99.18234719 25.83559031 8.55250796
99.19899997 26.90114587 9.77269276
99.19899997 26.88449656 9.75604345
99.19899997 26.86784726 9.73939415
99.19899997 25.81894101 8.52895983
99.19899997 25.80229170 8.51231052
99.21565274 25.78564239 8.48876239
99.23230552 25.76899309 8.46521426
99.24895830 25.75234378 8.44166613
99.24895830 25.73569448 8.42501683
99.24895830 25.71904517 8.40836752
99.24895830 25.70239587 8.39171822
99.26561108 25.68574656 8.36817009
99.26561108 25.66909726 8.35152078
99.26561108 25.65244795 8.33487148
99.28226386 25.63579864 8.31132335
99.28226386 25.61914934 8.29467404
99.29891663 25.60250003 8.27112591
99.29891663 25.40270837 7.94953949
99.29891663 25.38605906 7.93289019
99.29891663 25.36940976 7.91624088
99.29891663 25.35276045 7.89959158
99.31556941 25.60250003 8.25447314
99.31556941 25.41935767 7.97308762
99.31556941 25.33611114 7.87604345
99.33222219 25.60250003 8.23782036
99.33222219 25.58585073 8.22117105
99.33222219 25.51925351 8.14077618
99.33222219 25.50260420 8.12412688
99.33222219 25.48595489 8.10747757
99.33222219 25.40270837 7.99663575
99.33222219 25.31946184 7.85249532
99.34887497 25.56920142 8.19762292
99.34887497 25.55255212 8.18097362
99.34887497 25.53590281 8.16432431
99.34887497 25.46930559 8.08392944
99.34887497 25.43600698 8.03683319
99.34887497 25.41935767 8.02018388
99.34887497 25.31946184 7.83584254
99.36552774 25.45265628 8.06038131
99.36552774 25.30281253 7.81229441
99.36552774 25.28616323 7.79564511
99.38218052 25.26951392 7.77209698
99.38218052 25.25286462 7.75544767
99.39883330 25.23621531 7.73189954
99.39883330 25.21956601 7.71525024
99.41548608 25.20291670 7.69170211
99.43213886 25.20291670 7.67504933
99.44879163 25.18626739 7.65150120
99.46544441 25.16961809 7.62795307
99.48209719 25.15296878 7.60440494
99.49874997 25.13631948 7.58085681
99.51540274 25.11967017 7.55730868
99.53205552 25.10302087 7.53376055
99.54870830 25.11967017 7.51021243
99.56536108 25.11967017 7.49355965
99.58201386 25.10302087 7.47001152
99.59866663 25.10302087 7.45335874
99.61531941 25.10302087 7.43670596
99.63197219 25.08637156 7.41315783
99.64862497 25.06972226 7.38960971
99.66527774 25.05307295 7.36606158
99.68193052 25.03642364 7.34251345
99.69858330 25.01977434 7.31896532
99.69858330 25.00312503 7.30231601
99.71523608 24.98647573 7.27876788
99.73188886 24.96982642 7.25521975
99.74854163 24.95317712 7.23167163
99.74854163 24.93652781 7.21502232
99.74854163 24.91987851 7.19837301
99.74854163 24.90322920 7.18172371
99.74854163 24.88657989 7.16507440
99.76519441 24.86993059 7.14152627
99.78184719 24.86993059 7.12487350
99.79849997 24.86993059 7.10822072
99.81515274 24.85328128 7.08467259
99.83180552 24.83663198 7.06112446
99.84845830 24.81998267 7.03757633
99.84845830 24.80333337 7.02092703
99.86511108 24.78668406 6.99737890
99.86511108 24.77003476 6.98072959
99.88176386 24.75338545 6.95718146
99.89841663 24.75338545 6.94052868
99.91506941 24.75338545 6.92387591
99.93172219 24.75338545 6.90722313
99.94837497 24.73673614 6.88367500
99.96502774 24.73673614 6.86702222
99.96502774 20.04163198 0.03329861
99.96502774 20.02498267 0.01664931
99.96502774 20.00833337 0.00000000
99.98168052 24.73673614 6.85036944
99.98168052 20.05828128 0.05684674
99.99833330 24.73673614 6.83371667
99.99833330 20.07493059 0.08039487
100.01498608 24.73673614 6.81706389
100.01498608 20.09157989 0.11369695
100.01498608 20.07493059 0.09704765
100.03163886 24.73673614 6.80041111
100.03163886 20.10822920 0.13724508
100.04829163 24.73673614 6.78375833
100.04829163 23.20500003 4.42300359
100.04829163 20.12487851 0.16079321
100.06494441 24.72008684 6.76021020
100.06494441 23.22164934 4.44655172
100.06494441 23.18835073 4.39945547
100.06494441 20.14152781 0.18434134
100.08159719 24.72008684 6.74355743
100.08159719 23.35484378 4.60044264
100.08159719 23.33819448 4.58379333
100.08159719 23.32154517 4.56714403
100.08159719 23.23829864 4.47009985
100.08159719 23.18835073 4.38280269
100.08159719 20.20812503 0.25783739
100.08159719 20.19147573 0.24118808
100.08159719 20.17482642 0.22453877
100.08159719 20.15817712 0.20788947
100.09824997 24.70343753 6.72000930
100.09824997 24.68678823 6.70335999
100.09824997 24.67013892 6.68671069
100.09824997 23.40479170 4.65728938
100.09824997 23.38814239 4.64064007
100.09824997 23.37149309 4.62399077
100.09824997 23.30489587 4.54359590
100.09824997 23.28824656 4.52694659
100.09824997 23.27159726 4.51029729
100.09824997 23.25494795 4.49364798
100.09824997 23.17170142 4.35925456
100.09824997 20.22477434 0.28138551
100.11490274 24.65348962 6.66316256
100.11490274 23.42144101 4.68083751
100.11490274 23.17170142 4.34260178
100.11490274 20.40791670 0.47142670
100.11490274 20.39126739 0.45477739
100.11490274 20.37461809 0.43812809
100.11490274 20.35796878 0.42147878
100.11490274 20.34131948 0.40482948
100.11490274 20.32467017 0.38818017
100.11490274 20.30802087 0.37153087
100.11490274 20.29137156 0.35488156
100.11490274 20.27472226 0.33823225
100.11490274 20.25807295 0.32158295
100.11490274 20.24142364 0.30493364
100.13155552 24.67013892 6.63961443
100.13155552 23.43809031 4.70438564
100.13155552 23.15505212 4.31905365
100.13155552 23.13840281 4.30240435
100.13155552 23.12175351 4.28575504
100.13155552 23.10510420 4.26910573
100.13155552 20.45786462 0.52827344
100.13155552 20.44121531 0.51162413
100.13155552 20.42456601 0.49497483
100.14820830 24.68678823 6.61606630
100.14820830 23.47138892 4.74458307
100.14820830 23.45473962 4.72793377
100.14820830 23.08845489 4.24555761
100.14820830 20.54111114 0.61841879
100.14820830 20.52446184 0.60176949
100.14820830 20.50781253 0.58512018
100.14820830 20.49116323 0.56847087
100.14820830 20.47451392 0.55182157
100.16486108 24.70343753 6.59251817
100.16486108 23.52133684 4.80142981
100.16486108 23.50468753 4.78478051
100.16486108 23.48803823 4.76813120
100.16486108 23.07180559 4.22200948
100.16486108 23.05515628 4.20536017
100.16486108 20.60770837 0.69191484
100.16486108 20.59105906 0.67526553
100.16486108 20.57440976 0.65861623
100.16486108 20.55776045 0.64196692
100.18151386 24.72008684 6.56897004
100.18151386 23.53798614 4.82497794
100.18151386 23.03850698 4.18181204
100.18151386 20.64100698 0.73211227
100.18151386 20.62435767 0.71546297
100.19816663 24.73673614 6.54542191
100.19816663 23.53798614 4.84163072
100.19816663 23.02185767 4.15826391
100.19816663 20.67430559 0.77230971
100.19816663 20.65765628 0.75566040
100.21481941 24.73673614 6.52876913
100.21481941 23.53798614 4.85828350
100.21481941 23.00520837 4.13471578
100.21481941 20.69095489 0.79585783
100.23147219 24.73673614 6.51211636
100.23147219 23.53798614 4.87493627
100.23147219 23.00520837 4.11806301
100.23147219 20.70760420 0.81940596
100.24812497 24.73673614 6.49546358
100.24812497 23.53798614 4.89158905
100.24812497 22.98855906 4.09451488
100.24812497 20.72425351 0.84295409
100.26477774 24.73673614 6.47881080
100.26477774 23.53798614 4.90824183
100.26477774 22.98855906 4.07786210
100.26477774 20.74090281 0.86650222
100.28143052 24.75338545 6.45526267
100.28143052 23.77107642 5.21317547
100.28143052 23.75442712 5.19652617
100.28143052 23.73777781 5.17987686
100.28143052 23.72112851 5.16322756
100.28143052 23.70447920 5.14657825
100.28143052 23.57128476 4.94843926
100.28143052 23.55463545 4.93178996
100.28143052 22.97190976 4.05431397
100.28143052 20.74090281 0.88315500
100.29808330 24.75338545 6.43860989
100.29808330 23.80437503 5.25337291
100.29808330 23.78772573 5.23672360
100.29808330 23.68782989 5.12303012
100.29808330 23.58793406 4.97198739
100.29808330 22.95526045 4.03076584
100.29808330 22.92196184 3.98366958
100.29808330 22.90531253 3.96702028
100.29808330 20.75755212 0.90670313
100.31473608 24.75338545 6.42195712
100.31473608 23.82102434 5.27692104
100.31473608 23.68782989 5.10637734
100.31473608 23.60458337 4.99553552
100.31473608 22.93861114 4.00721771
100.31473608 22.88866323 3.94347215
100.31473608 20.77420142 0.93025126
100.33138886 24.75338545 6.40530434
100.33138886 23.83767364 5.30046917
100.33138886 23.67118059 5.08282922
100.33138886 23.65453128 5.06617991
100.33138886 23.62123267 5.01908365
100.33138886 22.87201392 3.91992402
100.33138886 20.77420142 0.94690404
100.34804163 24.73673614 6.38175621
100.34804163 23.85432295 5.32401730
100.34804163 23.63788198 5.04263178
100.34804163 22.85536462 3.89637589
100.34804163 22.83871531 3.87972658
100.34804163 22.82206601 3.86307728
100.34804163 20.77420142 0.96355681
100.36469441 24.72008684 6.35820808
100.36469441 23.87097226 5.34756542
100.36469441 22.80541670 3.83952915
100.36469441 22.78876739 3.82287984
100.36469441 20.77420142 0.98020959
100.38134719 24.72008684 6.34155530
100.38134719 23.88762156 5.37111355
100.38134719 22.77211809 3.79933172
100.38134719 22.75546878 3.78268241
100.38134719 22.73881948 3.76603310
100.38134719 22.72217017 3.74938380
100.38134719 22.70552087 3.73273449
100.38134719 22.68887156 3.71608519
100.38134719 20.79085073 1.00375772
100.39799997 24.70343753 6.31800717
100.39799997 23.90427087 5.39466168
100.39799997 22.67222226 3.69253706
100.39799997 20.80750003 1.02730585
100.41465274 24.68678823 6.29445904
100.41465274 23.95421878 5.45150842
100.41465274 23.93756948 5.43485912
100.41465274 23.92092017 5.41820981
100.41465274 22.65557295 3.66898893
100.41465274 20.80750003 1.04395863
100.43130552 24.67013892 6.27091091
100.43130552 23.97086809 5.47505655
100.43130552 22.63892364 3.64544080
100.43130552 20.82414934 1.06750676
100.44795830 24.65348962 6.24736279
100.44795830 23.98751739 5.49860468
100.44795830 22.62227434 3.62189267
100.44795830 20.82414934 1.08415953
100.46461108 24.63684031 6.22381466
100.46461108 24.00416670 5.52215281
100.46461108 22.60562503 3.59834454
100.46461108 20.82414934 1.10081231
100.48126386 24.62019101 6.20026653
100.48126386 24.03746531 5.56235024
100.48126386 24.02081601 5.54570094
100.48126386 22.58897573 3.57479641
100.48126386 20.84079864 1.12436044
100.49791663 24.60354170 6.17671840
100.49791663 24.10406253 5.63584629
100.49791663 24.08741323 5.61919698
100.49791663 24.07076392 5.60254768
100.49791663 24.05411462 5.58589837
100.49791663 22.57232642 3.55124828
100.49791663 20.85744795 1.14790857
100.51456941 24.58689239 6.15317027
100.51456941 24.57024309 6.13652096
100.51456941 24.55359378 6.11987166
100.51456941 24.53694448 6.10322235
100.51456941 24.52029517 6.08657305
100.51456941 24.43704864 5.97573122
100.51456941 24.42039934 5.95908192
100.51456941 24.40375003 5.94243261
100.51456941 24.38710073 5.92578331
100.51456941 24.37045142 5.90913400
100.51456941 24.35380212 5.89248470
100.51456941 24.33715281 5.87583539
100.51456941 24.32050351 5.85918609
100.51456941 24.30385420 5.84253678
100.51456941 24.28720489 5.82588747
100.51456941 24.27055559 5.80923817
100.51456941 24.25390628 5.79258886
100.51456941 24.23725698 5.77593956
100.51456941 24.22060767 5.75929025
100.51456941 24.20395837 5.74264095
100.51456941 24.18730906 5.72599164
100.51456941 24.17065976 5.70934234
100.51456941 24.15401045 5.69269303
100.51456941 24.13736114 5.67604372
100.51456941 24.12071184 5.65939442
100.51456941 22.57232642 3.53459551
100.51456941 20.90739587 1.20475531
100.51456941 20.89074656 1.18810600
100.51456941 20.87409726 1.17145670
100.53122219 24.50364587 6.06302492
100.53122219 24.45369795 5.99927935
100.53122219 22.55567712 3.51104738
100.53122219 20.95734378 1.26160205
100.53122219 20.94069448 1.24495274
100.53122219 20.92404517 1.22830344
100.54787497 24.48699656 6.03947679
100.54787497 24.47034726 6.02282748
100.54787497 22.55567712 3.49439460
100.54787497 20.97399309 1.28515018
100.56452774 22.53902781 3.47084647
100.56452774 21.00729170 1.32534761
100.56452774 20.99064239 1.30869831
100.58118052 22.52237851 3.44729834
100.58118052 22.42248267 3.33360486
100.58118052 21.02394101 1.34889574
100.59783330 22.50572920 3.42375021
100.59783330 22.48907989 3.40710091
100.59783330 22.47243059 3.39045160
100.59783330 22.45578128 3.37380230
100.59783330 22.43913198 3.35715299
100.59783330 22.40583337 3.31005673
100.59783330 21.02394101 1.36554852
100.61448608 22.38918406 3.28650860
100.61448608 22.30593753 3.18946443
100.61448608 22.28928823 3.17281512
100.61448608 21.05723962 1.40574596
100.61448608 21.04059031 1.38909665
100.63113886 22.37253476 3.26296047
100.63113886 22.35588545 3.24631117
100.63113886 22.33923614 3.22966186
100.63113886 22.32258684 3.21301256
100.63113886 22.27263892 3.14926699
100.63113886 21.09053823 1.44594339
100.63113886 21.07388892 1.42929408
100.64779163 22.27263892 3.13261422
100.64779163 21.10718753 1.46949152
100.66444441 22.27263892 3.11596144
100.66444441 21.12383684 1.49303965
100.68109719 22.27263892 3.09930866
100.68109719 21.15713545 1.53323708
100.68109719 21.14048614 1.51658778
100.69774997 22.25598962 3.07576053
100.69774997 21.20708337 1.59008382
100.69774997 21.19043406 1.57343452
100.69774997 21.17378476 1.55678521
100.71440274 22.23934031 3.05221240
100.71440274 22.22269101 3.03556310
100.71440274 22.20604170 3.01891379
100.71440274 22.18939239 3.00226448
100.71440274 22.13944448 2.93851892
100.71440274 21.44017364 1.84387057
100.71440274 21.42352434 1.82722127
100.71440274 21.40687503 1.81057196
100.71440274 21.39022573 1.79392266
100.71440274 21.29032989 1.68022917
100.71440274 21.27368059 1.66357987
100.71440274 21.25703128 1.64693056
100.71440274 21.24038198 1.63028126
100.71440274 21.22373267 1.61363195
100.73105552 22.17274309 2.97871636
100.73105552 22.15609378 2.96206705
100.73105552 22.12279517 2.91497079
100.73105552 21.45682295 1.86741870
100.73105552 21.37357642 1.77037453
100.73105552 21.35692712 1.75372522
100.73105552 21.34027781 1.73707591
100.73105552 21.32362851 1.72042661
100.73105552 21.30697920 1.70377730
100.74770830 22.10614587 2.89142266
100.74770830 21.47347226 1.89096683
100.76436108 22.10614587 2.87476989
100.76436108 22.07284726 2.81791967
100.76436108 22.05619795 2.80127037
100.76436108 21.49012156 1.91451496
100.78101386 22.10614587 2.85811711
100.78101386 22.08949656 2.84146780
100.78101386 22.03954864 2.77772224
100.78101386 21.50677087 1.93806309
100.79766663 22.02289934 2.75417411
100.79766663 21.52342017 1.96161122
100.81431941 22.00625003 2.73062598
100.81431941 21.54006948 1.98515935
100.83097219 21.98960073 2.70707785
100.83097219 21.55671878 2.00870748
100.84762497 21.97295142 2.68352972
100.84762497 21.57336809 2.03225560
100.86427774 21.95630212 2.65998159
100.86427774 21.59001739 2.05580373
100.88093052 21.93965281 2.63643346
100.88093052 21.60666670 2.07935186
100.89758330 21.92300351 2.61288533
100.89758330 21.62331601 2.10289999
100.91423608 21.90635420 2.58933721
100.91423608 21.62331601 2.11955277
100.93088886 21.88970489 2.56578908
100.93088886 21.63996531 2.14310090
100.94754163 21.87305559 2.54224095
100.94754163 21.65661462 2.16664903
100.96419441 21.85640628 2.51869282
100.96419441 21.67326392 2.19019716
100.98084719 21.83975698 2.49514469
100.98084719 21.68991323 2.21374529
100.99749997 21.83975698 2.47849191
100.99749997 21.70656253 2.23729341
101.01415274 21.83975698 2.46183913
101.01415274 21.70656253 2.25394619
101.03080552 21.83975698 2.44518636
101.03080552 21.72321184 2.27749432
101.04745830 21.83975698 2.42853358
101.04745830 21.73986114 2.30104245
101.06411108 21.82310767 2.40498545
101.06411108 21.80645837 2.38833614
101.06411108 21.78980906 2.37168684
101.06411108 21.75651045 2.32459058
101.08076386 21.77315976 2.34813871
