91.52206941 32.07907989 21.87444937
91.52206941 32.06243059 21.85780006
91.52206941 32.04578128 21.84115076
91.52206941 32.02913198 21.82450145
91.52206941 32.01248267 21.80785215
91.52206941 31.99583337 21.79120284
91.52206941 31.97918406 21.77455354
91.52206941 31.96253476 21.75790423
91.52206941 31.94588545 21.74125492
91.53872219 32.09572920 21.89799750
91.53872219 31.92923614 21.71770680
91.55537497 32.11237851 21.92154563
91.55537497 31.91258684 21.69415867
91.55537497 31.89593753 21.67750936
91.55537497 31.87928823 21.66086006
91.55537497 31.86263892 21.64421075
91.55537497 31.84598962 21.62756144
91.55537497 31.82934031 21.61091214
91.57202774 32.12902781 21.94509376
91.57202774 31.81269101 21.58736401
91.57202774 31.79604170 21.57071470
91.57202774 31.77939239 21.55406540
91.57202774 31.76274309 21.53741609
91.58868052 32.14567712 21.96864189
91.58868052 31.74609378 21.51386796
91.60533330 32.14567712 21.98529466
91.60533330 31.72944448 21.49031983
91.62198608 32.16232642 22.00884279
91.62198608 31.71279517 21.46677171
91.63863886 32.16232642 22.02549557
91.63863886 31.69614587 21.44322358
91.65529163 32.17897573 22.04904370
91.65529163 31.67949656 21.41967545
91.67194441 32.17897573 22.06569648
91.67194441 31.67949656 21.40302267
91.68859719 32.17897573 22.08234925
91.68859719 31.66284726 21.37947454
91.70524997 31.64619795 21.35592641
91.72190274 31.66284726 21.33237828
91.73855552 31.66284726 21.31572550
91.75520830 31.66284726 21.29907273
91.75520830 31.61289934 21.23532716
91.75520830 31.59625003 21.21867786
91.77186108 31.64619795 21.27552460
91.77186108 31.62954864 21.25887529
91.77186108 31.57960073 21.19512973
91.78851386 31.56295142 21.17158160
91.80516663 31.54630212 21.14803347
91.80516663 31.52965281 21.13138416
91.80516663 31.44640628 21.02054234
91.80516663 31.42975698 21.00389304
91.82181941 31.51300351 21.10783604
91.82181941 31.46305559 21.04409047
91.82181941 31.41310767 20.98034491
91.83847219 31.49635420 21.08428791
91.83847219 31.47970489 21.06763860
91.83847219 31.39645837 20.95679678
91.83847219 31.37980906 20.94014747
91.85512497 31.36315976 20.91659934
91.87177774 31.36315976 20.89994657
91.88843052 31.36315976 20.88329379
91.90508330 31.36315976 20.86664101
91.92173608 31.36315976 20.84998823
91.93838886 31.37980906 20.82644010
91.95504163 31.39645837 20.80289198
91.97169441 31.41310767 20.77934385
91.98834719 31.41310767 20.76269107
92.00499997 31.41310767 20.74603829
92.02165274 31.39645837 20.72249016
92.03830552 31.39645837 20.70583738
92.03830552 31.34651045 20.64209182
92.05495830 31.37980906 20.68228925
92.05495830 31.36315976 20.66563995
92.05495830 31.32986114 20.61854369
92.07161108 31.31321184 20.59499556
92.08826386 31.29656253 20.57144743
92.10491663 31.27991323 20.54789930
92.12156941 31.26326392 20.52435117
92.13822219 31.27991323 20.50080305
92.15487497 31.26326392 20.47725492
92.17152774 31.26326392 20.46060214
92.18818052 31.26326392 20.44394936
92.20483330 31.26326392 20.42729658
92.22148608 31.26326392 20.41064381
92.23813886 31.27991323 20.38709568
92.25479163 31.27991323 20.37044290
92.27144441 31.29656253 20.34689477
92.28809719 31.31321184 20.32334664
92.30474997 31.32986114 20.29979851
92.32140274 31.34651045 20.27625038
92.33805552 31.42975698 20.18610503
92.33805552 31.41310767 20.20275434
92.33805552 31.39645837 20.21940364
92.33805552 31.37980906 20.23605295
92.33805552 31.36315976 20.25270225
92.35470830 31.44640628 20.16255690
92.37136108 31.44640628 20.14590412
92.38801386 31.42975698 20.12235599
92.40466663 31.42975698 20.10570322
92.42131941 31.42975698 20.08905044
92.43797219 31.44640628 20.06550231
92.45462497 31.42975698 20.04195418
92.47127774 31.44640628 20.01840605
92.48793052 31.46305559 19.99485792
92.50458330 31.44640628 19.97130979
92.52123608 31.46305559 19.94776166
92.53788886 31.47970489 19.92421354
92.55454163 31.47970489 19.90756076
92.57119441 31.47970489 19.89090798
92.58784719 31.47970489 19.87425520
92.60449997 31.47970489 19.85760242
92.62115274 31.47970489 19.84094965
92.63780552 31.49635420 19.81740152
92.65445830 31.49635420 19.80074874
92.67111108 31.49635420 19.78409596
92.68776386 31.49635420 19.76744318
92.70441663 31.51300351 19.74389506
92.72106941 31.51300351 19.72724228
92.73772219 31.51300351 19.71058950
92.75437497 31.51300351 19.69393672
92.77102774 31.51300351 19.67728394
92.78768052 31.49635420 19.65373582
92.80433330 31.51300351 19.63018769
92.82098608 31.52965281 19.60663956
92.83763886 31.52965281 19.58998678
92.85429163 31.52965281 19.57333400
92.87094441 31.54630212 19.54978587
92.88759719 31.52965281 19.52623774
92.90424997 31.54630212 19.50268961
92.92090274 31.54630212 19.48603684
92.93755552 31.52965281 19.46248871
92.95420830 31.52965281 19.44583593
92.97086108 31.52965281 19.42918315
92.98751386 31.52965281 19.41253037
93.00416663 31.52965281 19.39587760
93.02081941 31.54630212 19.37232947
93.03747219 31.56295142 19.34878134
93.05412497 31.54630212 19.32523321
93.07077774 31.52965281 19.30168508
93.08743052 31.52965281 19.28503230
93.10408330 31.51300351 19.26148417
93.12073608 31.52965281 19.23793604
93.13738886 31.52965281 19.22128327
93.15404163 31.52965281 19.20463049
93.17069441 31.52965281 19.18797771
93.18734719 31.51300351 19.16442958
93.20399997 31.51300351 19.14777680
93.22065274 31.51300351 19.13112403
93.23730552 31.51300351 19.11447125
93.25395830 31.51300351 19.09781847
93.27061108 31.51300351 19.08116569
93.28726386 31.51300351 19.06451291
93.30391663 31.51300351 19.04786014
93.32056941 31.51300351 19.03120736
93.33722219 31.51300351 19.01455458
93.35387497 31.51300351 18.99790180
93.37052774 31.51300351 18.98124903
93.38718052 31.51300351 18.96459625
93.40383330 31.51300351 18.94794347
93.42048608 31.51300351 18.93129069
93.43713886 31.51300351 18.91463791
93.45379163 31.51300351 18.89798514
93.47044441 31.49635420 18.87443701
93.48709719 31.51300351 18.85088888
93.50374997 31.49635420 18.82734075
93.52040274 31.49635420 18.81068797
93.53705552 31.49635420 18.79403519
93.55370830 31.49635420 18.77738242
93.57036108 31.47970489 18.75383429
93.58701386 31.47970489 18.73718151
93.60366663 31.47970489 18.72052873
93.62031941 31.47970489 18.70387595
93.63697219 31.46305559 18.68032783
93.65362497 31.46305559 18.66367505
93.67027774 31.47970489 18.64012692
93.68693052 31.46305559 18.61657879
93.70358330 31.46305559 18.59992601
93.72023608 31.46305559 18.58327323
93.73688886 31.46305559 18.56662046
93.75354163 31.47970489 18.54307233
93.77019441 31.47970489 18.52641955
93.78684719 31.47970489 18.50976677
93.80349997 31.47970489 18.49311399
93.82015274 31.49635420 18.46956586
93.83680552 31.51300351 18.44601774
93.85345830 31.49635420 18.42246961
93.87011108 31.49635420 18.40581683
93.88676386 31.49635420 18.38916405
93.90341663 31.49635420 18.37251127
93.92006941 31.49635420 18.35585850
93.93672219 31.51300351 18.33231037
93.95337497 31.51300351 18.31565759
93.97002774 31.51300351 18.29900481
93.98668052 31.52965281 18.27545668
94.00333330 31.52965281 18.25880390
94.01998608 31.51300351 18.23525577
94.03663886 31.51300351 18.21860300
94.05329163 31.51300351 18.20195022
94.06994441 31.49635420 18.17840209
94.08659719 31.49635420 18.16174931
94.10324997 31.49635420 18.14509653
94.11990274 31.49635420 18.12844376
94.13655552 31.47970489 18.10489563
94.15320830 31.46305559 18.08134750
94.16986108 31.46305559 18.06469472
94.18651386 31.46305559 18.04804194
94.20316663 31.46305559 18.03138917
94.21981941 31.47970489 18.00784104
94.23647219 31.47970489 17.99118826
94.25312497 31.49635420 17.96764013
94.26977774 31.51300351 17.94409200
94.28643052 31.49635420 17.92054387
94.28643052 31.47970489 17.90389457
94.28643052 31.46305559 17.88724526
94.30308330 31.44640628 17.86369713
94.31973608 31.44640628 17.84704435
94.33638886 31.44640628 17.83039158
94.35304163 31.44640628 17.81373880
94.36969441 31.44640628 17.79708602
94.38634719 31.46305559 17.77353789
94.40299997 31.46305559 17.75688511
94.41965274 31.46305559 17.74023234
94.43630552 31.46305559 17.72357956
94.45295830 31.46305559 17.70692678
94.46961108 31.47970489 17.68337865
94.48626386 31.46305559 17.65983052
94.48626386 31.26326392 17.30493160
94.50291663 31.44640628 17.63628239
94.50291663 31.27991323 17.32847973
94.50291663 31.24661462 17.28138347
94.51956941 31.44640628 17.61962961
94.51956941 31.29656253 17.35202786
94.51956941 31.24661462 17.26473069
94.53622219 31.44640628 17.60297684
94.53622219 31.29656253 17.36868064
94.53622219 31.24661462 17.24807792
94.55287497 31.44640628 17.58632406
94.55287497 31.29656253 17.38533341
94.55287497 31.24661462 17.23142514
94.56952774 31.44640628 17.56967128
94.56952774 31.36315976 17.45882946
94.56952774 31.34651045 17.44218015
94.56952774 31.32986114 17.42553085
94.56952774 31.31321184 17.40888154
94.56952774 31.22996531 17.20787701
94.58618052 31.42975698 17.54612315
94.58618052 31.37980906 17.48237759
94.58618052 31.22996531 17.19122423
94.60283330 31.41310767 17.52257502
94.60283330 31.39645837 17.50592572
94.60283330 31.21331601 17.16767610
94.61948608 31.19666670 17.14412797
94.63613886 31.18001739 17.12057984
94.63613886 31.16336809 17.10393054
94.63613886 31.14671878 17.08728123
94.65279163 31.13006948 17.06373310
94.66944441 31.11342017 17.04018497
94.66944441 31.09677087 17.02353567
94.68609719 31.08012156 16.99998754
94.70274997 31.06347226 16.97643941
94.71940274 31.06347226 16.95978663
94.73605552 31.06347226 16.94313385
94.75270830 31.06347226 16.92648108
94.76936108 31.06347226 16.90982830
94.78601386 31.06347226 16.89317552
94.80266663 31.08012156 16.86962739
94.81931941 31.08012156 16.85297461
94.83597219 31.08012156 16.83632184
94.85262497 31.09677087 16.81277371
94.86927774 31.11342017 16.78922558
94.88593052 31.11342017 16.77257280
94.90258330 31.11342017 16.75592002
94.91923608 31.11342017 16.73926725
94.93588886 31.13006948 16.71571912
94.95254163 31.14671878 16.69217099
94.96919441 31.13006948 16.66862286
94.98584719 31.13006948 16.65197008
95.00249997 31.14671878 16.62842195
95.01915274 31.14671878 16.61176917
95.03580552 31.14671878 16.59511640
95.05245830 31.14671878 16.57846362
95.06911108 31.14671878 16.56181084
95.08576386 31.14671878 16.54515806
95.10241663 31.16336809 16.52160993
95.11906941 31.16336809 16.50495716
95.13572219 31.14671878 16.48140903
95.15237497 31.14671878 16.46475625
95.16902774 31.14671878 16.44810347
95.18568052 31.14671878 16.43145069
95.20233330 31.14671878 16.41479792
95.21898608 31.14671878 16.39814514
95.23563886 31.14671878 16.38149236
95.25229163 31.14671878 16.36483958
95.26894441 31.14671878 16.34818680
95.28559719 31.14671878 16.33153403
95.30224997 31.14671878 16.31488125
95.31890274 31.13006948 16.29133312
95.33555552 31.13006948 16.27468034
95.35220830 31.13006948 16.25802756
95.36886108 31.13006948 16.24137479
95.38551386 31.11342017 16.21782666
95.40216663 31.09677087 16.19427853
95.41881941 31.09677087 16.17762575
95.43547219 31.09677087 16.16097297
95.45212497 31.08012156 16.13742484
95.46877774 31.06347226 16.11387671
95.48543052 31.04682295 16.09032859
95.50208330 31.03017364 16.06678046
95.50208330 31.01352434 16.05013115
95.50208330 30.99687503 16.03348184
95.51873608 30.98022573 16.00993372
95.53538886 30.96357642 15.98638559
95.55204163 30.94692712 15.96283746
95.56869441 30.93027781 15.93928933
95.58534719 30.91362851 15.91574120
95.60199997 30.89697920 15.89219307
95.61865274 30.89697920 15.87554029
95.63530552 30.88032989 15.85199216
95.65195830 30.88032989 15.83533939
95.66861108 30.86368059 15.81179126
95.68526386 30.86368059 15.79513848
95.70191663 30.86368059 15.77848570
95.71856941 30.88032989 15.75493757
95.73522219 30.89697920 15.73138944
95.75187497 30.91362851 15.70784131
95.76852774 30.93027781 15.68429318
95.78518052 30.94692712 15.66074506
95.80183330 30.94692712 15.64409228
95.81848608 30.96357642 15.62054415
95.83513886 30.98022573 15.59699602
95.85179163 30.96357642 15.57344789
95.86844441 30.94692712 15.54989976
95.88509719 30.94692712 15.53324698
95.90174997 30.93027781 15.50969885
95.91840274 30.93027781 15.49304608
95.93505552 30.93027781 15.47639330
95.95170830 30.93027781 15.45974052
95.96836108 30.91362851 15.43619239
95.98501386 30.91362851 15.41953961
96.00166663 30.91362851 15.40288684
96.01831941 30.91362851 15.38623406
96.03497219 30.91362851 15.36958128
96.05162497 30.91362851 15.35292850
96.06827774 30.91362851 15.33627573
96.08493052 30.89697920 15.31272760
96.10158330 30.88032989 15.28917947
96.11823608 30.88032989 15.27252669
96.13488886 30.88032989 15.25587391
96.15154163 30.88032989 15.23922113
96.16819441 30.88032989 15.22256836
96.18484719 30.86368059 15.19902023
96.20149997 30.86368059 15.18236745
96.21815274 30.86368059 15.16571467
96.23480552 30.86368059 15.14906189
96.25145830 30.86368059 15.13240912
96.26811108 30.84703128 15.10886099
96.28476386 30.83038198 15.08531286
96.30141663 30.81373267 15.06176473
96.31806941 30.81373267 15.04511195
96.33472219 30.79708337 15.02156382
96.35137497 30.78043406 14.99801569
96.36802774 30.76378476 14.97446756
96.38468052 30.74713545 14.95091943
96.40133330 30.73048614 14.92737131
96.40133330 30.71383684 14.91072200
96.40133330 30.69718753 14.89407269
96.41798608 30.68053823 14.87052457
96.41798608 30.64723962 14.82342831
96.41798608 30.63059031 14.80677900
96.43463886 30.66388892 14.84697644
96.43463886 30.61394101 14.78323087
96.43463886 30.59729170 14.76658157
96.43463886 30.58064239 14.74993226
96.45129163 30.56399309 14.72638413
96.46794441 30.54734378 14.70283600
96.46794441 30.53069448 14.68618670
96.48459719 30.51404517 14.66263857
96.50124997 30.49739587 14.63909044
96.50124997 30.48074656 14.62244113
96.51790274 30.46409726 14.59889301
96.53455552 30.44744795 14.57534488
96.55120830 30.43079864 14.55179675
96.56786108 30.43079864 14.53514397
96.58451386 30.43079864 14.51849119
96.60116663 30.44744795 14.49494306
96.61781941 30.44744795 14.47829028
96.63447219 30.44744795 14.46163751
96.65112497 30.46409726 14.43808938
96.66777774 30.46409726 14.42143660
96.66777774 30.44744795 14.40478729
96.68443052 30.44744795 14.38813452
96.68443052 30.36420142 14.29109034
96.70108330 30.43079864 14.36458639
96.70108330 30.41414934 14.34793708
96.70108330 30.39750003 14.33128778
96.70108330 30.38085073 14.31463847
96.70108330 30.34755212 14.26754221
96.71773608 30.33090281 14.24399408
96.71773608 30.31425351 14.22734478
96.71773608 30.29760420 14.21069547
96.73438886 30.28095489 14.18714734
96.73438886 30.26430559 14.17049804
96.75104163 30.24765628 14.14694991
96.76769441 30.24765628 14.13029713
96.78434719 30.26430559 14.10674900
96.80099997 30.24765628 14.08320087
96.81765274 30.24765628 14.06654810
96.83430552 30.24765628 14.04989532
96.85095830 30.24765628 14.03324254
96.86761108 30.24765628 14.01658976
96.88426386 30.24765628 13.99993698
96.90091663 30.23100698 13.97638885
96.91756941 30.21435767 13.95284073
96.93422219 30.21435767 13.93618795
96.95087497 30.19770837 13.91263982
96.96752774 30.18105906 13.88909169
96.98418052 30.18105906 13.87243891
97.00083330 30.18105906 13.85578613
97.01748608 30.18105906 13.83913336
97.03413886 30.18105906 13.82248058
97.05079163 30.18105906 13.80582780
97.06744441 30.18105906 13.78917502
97.08409719 30.18105906 13.77252225
97.10074997 30.16440976 13.74897412
97.11740274 30.14776045 13.72542599
97.13405552 30.14776045 13.70877321
97.15070830 30.13111114 13.68522508
97.16736108 30.13111114 13.66857230
97.18401386 30.11446184 13.64502417
97.20066663 30.09781253 13.62147604
97.21731941 30.08116323 13.59792792
97.23397219 30.08116323 13.58127514
97.25062497 30.06451392 13.55772701
97.26727774 30.06451392 13.54107423
97.28393052 30.06451392 13.52442145
97.30058330 30.04786462 13.50087332
97.31723608 30.03121531 13.47732519
97.31723608 30.01456601 13.46067589
97.31723608 29.99791670 13.44402658
97.33388886 29.98126739 13.42047845
97.35054163 29.96461809 13.39693033
97.35054163 29.94796878 13.38028102
97.35054163 29.93131948 13.36363171
97.36719441 29.91467017 13.34008359
97.38384719 29.89802087 13.31653546
97.38384719 29.88137156 13.29988615
97.40049997 29.86472226 13.27633802
97.41715274 29.86472226 13.25968524
97.41715274 29.83142364 13.21258899
97.41715274 29.81477434 13.19593968
97.41715274 29.79812503 13.17929037
97.43380552 29.84807295 13.23613711
97.43380552 29.78147573 13.15574225
97.43380552 29.69822920 13.05869807
97.45045830 29.76482642 13.13219412
97.45045830 29.74817712 13.11554481
97.45045830 29.73152781 13.09889551
97.45045830 29.71487851 13.08224620
97.45045830 29.68157989 13.03514994
97.46711108 29.66493059 13.01160181
97.48376386 29.64828128 12.98805368
97.50041663 29.63163198 12.96450555
97.51706941 29.61498267 12.94095743
97.51706941 29.59833337 12.92430812
97.53372219 29.58168406 12.90075999
97.55037497 29.56503476 12.87721186
97.56702774 29.54838545 12.85366373
97.58368052 29.53173614 12.83011560
97.58368052 29.51508684 12.81346630
97.58368052 29.49843753 12.79681699
97.60033330 29.48178823 12.77326886
97.61698608 29.46513892 12.74972073
97.63363886 29.46513892 12.73306796
97.65029163 29.46513892 12.71641518
97.66694441 29.44848962 12.69286705
97.68359719 29.44848962 12.67621427
97.70024997 29.44848962 12.65956149
97.71690274 29.43184031 12.63601336
97.73355552 29.41519101 12.61246524
97.75020830 29.41519101 12.59581246
97.76686108 29.39854170 12.57226433
97.78351386 29.39854170 12.55561155
97.80016663 29.38189239 12.53206342
97.81681941 29.38189239 12.51541064
97.83347219 29.38189239 12.49875787
97.85012497 29.36524309 12.47520974
97.86677774 29.34859378 12.45166161
97.88343052 29.33194448 12.42811348
97.90008330 29.31529517 12.40456535
97.91673608 29.29864587 12.38101722
97.93338886 29.28199656 12.35746909
97.95004163 29.26534726 12.33392096
97.95004163 29.24869795 12.31727166
97.96669441 29.23204864 12.29372353
97.96669441 29.21539934 12.27707422
97.96669441 29.19875003 12.26042492
97.96669441 29.18210073 12.24377561
97.98334719 29.16545142 12.22022748
97.98334719 29.14880212 12.20357818
97.99999997 29.13215281 12.18003005
97.99999997 29.11550351 12.16338074
98.01665274 29.09885420 12.13983261
98.03330552 29.08220489 12.11628448
98.03330552 29.06555559 12.09963518
98.04995830 29.04890628 12.07608705
98.04995830 29.03225698 12.05943774
98.06661108 29.01560767 12.03588962
98.08326386 29.01560767 12.01923684
98.09991663 29.01560767 12.00258406
98.09991663 28.99895837 11.98593475
98.09991663 28.98230906 11.96928545
98.09991663 28.96565976 11.95263614
98.09991663 28.94901045 11.93598684
98.11656941 28.93236114 11.91243871
98.13322219 28.91571184 11.88889058
98.14987497 28.89906253 11.86534245
98.14987497 28.88241323 11.84869314
98.14987497 28.86576392 11.83204384
98.16652774 28.84911462 11.80849571
98.18318052 28.83246531 11.78494758
98.18318052 28.81581601 11.76829828
98.19983330 28.79916670 11.74475015
98.21648608 28.79916670 11.72809737
98.23313886 28.79916670 11.71144459
98.24979163 28.79916670 11.69479181
98.26644441 28.78251739 11.67124368
98.28309719 28.76586809 11.64769555
98.29974997 28.74921878 11.62414743
98.31640274 28.73256948 11.60059930
98.33305552 28.71592017 11.57705117
98.34970830 28.69927087 11.55350304
98.36636108 28.68262156 11.52995491
98.36636108 28.66597226 11.51330560
98.36636108 28.64932295 11.49665630
98.36636108 28.63267364 11.48000699
98.38301386 28.61602434 11.45645886
98.38301386 28.59937503 11.43980956
98.38301386 28.58272573 11.42316025
98.38301386 28.56607642 11.40651095
98.38301386 28.54942712 11.38986164
98.38301386 28.53277781 11.37321234
98.39966663 28.51612851 11.34966421
98.39966663 28.49947920 11.33301490
98.41631941 28.48282989 11.30946677
98.41631941 23.97086809 5.64777260
98.41631941 23.95421878 5.63112329
98.41631941 23.93756948 5.61447399
98.41631941 23.92092017 5.59782468
98.43297219 28.48282989 11.29281399
98.43297219 23.98751739 5.67132073
98.43297219 23.90427087 5.57427655
98.43297219 23.88762156 5.55762725
98.43297219 23.87097226 5.54097794
98.44962497 28.48282989 11.27616122
98.44962497 24.00416670 5.69486886
98.44962497 23.85432295 5.51742981
98.44962497 23.83767364 5.50078051
98.44962497 23.82102434 5.48413120
98.46627774 28.46618059 11.25261309
98.46627774 28.44953128 11.23596378
98.46627774 28.43288198 11.21931448
98.46627774 28.41623267 11.20266517
98.46627774 28.39958337 11.18601587
98.46627774 28.38293406 11.16936656
98.46627774 28.36628476 11.15271725
98.46627774 24.00416670 5.71152163
98.46627774 23.80437503 5.46058307
98.46627774 23.18835073 4.42634020
98.46627774 23.17170142 4.40969090
98.48293052 28.34963545 11.12916912
98.48293052 28.33298614 11.11251982
98.48293052 28.31633684 11.09587051
98.48293052 28.29968753 11.07922121
98.48293052 28.28303823 11.06257190
98.48293052 28.26638892 11.04592260
98.48293052 28.24973962 11.02927329
98.48293052 28.23309031 11.01262399
98.48293052 28.21644101 10.99597468
98.48293052 28.19979170 10.97932537
98.48293052 28.18314239 10.96267607
98.48293052 28.14984378 10.91557981
98.48293052 24.02081601 5.73506976
98.48293052 23.78772573 5.43703494
98.48293052 23.20500003 4.44988833
98.48293052 23.15505212 4.38614277
98.49958330 28.16649309 10.93912794
98.49958330 28.13319448 10.89203168
98.49958330 28.11654517 10.87538238
98.49958330 24.03746531 5.75861789
98.49958330 23.77107642 5.41348681
98.49958330 23.20500003 4.46654111
98.49958330 23.13840281 4.36259464
98.49958330 23.02185767 4.17135100
98.49958330 23.00520837 4.15470170
98.49958330 22.98855906 4.13805239
98.49958330 20.89074656 1.12435002
98.49958330 20.87409726 1.10770072
98.49958330 20.85744795 1.09105141
98.49958330 20.84079864 1.07440211
98.49958330 20.82414934 1.05775280
98.49958330 20.80750003 1.04110350
98.49958330 20.79085073 1.02445419
98.49958330 20.77420142 1.00780489
98.49958330 20.75755212 0.99115558
98.49958330 20.07493059 0.08039487
98.51623608 28.09989587 10.85183425
98.51623608 24.03746531 5.77527067
98.51623608 23.75442712 5.38993868
98.51623608 23.20500003 4.48319389
98.51623608 23.13840281 4.34594186
98.51623608 23.03850698 4.19489913
98.51623608 22.97190976 4.11450426
98.51623608 20.90739587 1.14789815
98.51623608 20.74090281 0.96760745
98.51623608 20.72425351 0.95095815
98.51623608 20.09157989 0.10394300
98.51623608 20.05828128 0.05684674
98.51623608 20.04163198 0.04019743
98.53288886 28.08324656 10.82828612
98.53288886 24.03746531 5.79192345
98.53288886 23.75442712 5.37328591
98.53288886 23.20500003 4.49984667
98.53288886 23.12175351 4.32239373
98.53288886 23.03850698 4.21155191
98.53288886 22.95526045 4.09095614
98.53288886 22.77211809 3.72915492
98.53288886 22.75546878 3.71250561
98.53288886 20.90739587 1.16455093
98.53288886 20.70760420 0.92741002
98.53288886 20.10822920 0.12749113
98.53288886 20.02498267 0.01664931
98.53288886 20.00833337 0.00000000
98.54954163 28.08324656 10.81163334
98.54954163 24.05411462 5.81547158
98.54954163 23.75442712 5.35663313
98.54954163 23.22164934 4.52339480
98.54954163 23.10510420 4.29884560
98.54954163 23.05515628 4.23510004
98.54954163 22.95526045 4.07430336
98.54954163 22.78876739 3.75270305
98.54954163 22.73881948 3.68895748
98.54954163 22.72217017 3.67230818
98.54954163 22.70552087 3.65565887
98.54954163 22.68887156 3.63900957
98.54954163 21.85640628 2.52725821
98.54954163 21.83975698 2.51060890
98.54954163 20.92404517 1.18809906
98.54954163 20.69095489 0.90386189
98.54954163 20.12487851 0.15103926
98.56619441 28.08324656 10.79498056
98.56619441 24.05411462 5.83212435
98.56619441 23.73777781 5.33308500
98.56619441 23.22164934 4.54004757
98.56619441 23.08845489 4.27529748
98.56619441 23.07180559 4.25864817
98.56619441 22.93861114 4.05075523
98.56619441 22.80541670 3.77625118
98.56619441 22.67222226 3.61546144
98.56619441 21.87305559 2.55080634
98.56619441 21.82310767 2.48706078
98.56619441 21.80645837 2.47041147
98.56619441 21.78980906 2.45376216
98.56619441 21.52342017 2.09887713
98.56619441 20.94069448 1.21164719
98.56619441 20.67430559 0.88031376
98.56619441 20.14152781 0.17458739
98.58284719 28.08324656 10.77832779
98.58284719 28.06659726 10.76167848
98.58284719 24.07076392 5.85567248
98.58284719 23.72112851 5.30953687
98.58284719 23.22164934 4.55670035
98.58284719 22.92196184 4.02720710
98.58284719 22.82206601 3.79979931
98.58284719 22.65557295 3.59191331
98.58284719 22.33923614 3.22038591
98.58284719 22.32258684 3.20373661
98.58284719 22.30593753 3.18708730
98.58284719 22.28928823 3.17043800
98.58284719 22.27263892 3.15378869
98.58284719 22.25598962 3.13713939
98.58284719 21.88970489 2.57435447
98.58284719 21.77315976 2.43021404
98.58284719 21.75651045 2.41356473
98.58284719 21.73986114 2.39691542
98.58284719 21.72321184 2.38026612
98.58284719 21.70656253 2.36361681
98.58284719 21.54006948 2.12242526
98.58284719 21.50677087 2.07532900
98.58284719 20.94069448 1.22829997
98.58284719 20.65765628 0.85676563
98.58284719 20.64100698 0.84011632
98.58284719 20.62435767 0.82346702
98.58284719 20.14152781 0.19124016
98.59949997 28.04994795 10.73813035
98.59949997 28.03329864 10.72148104
98.59949997 24.07076392 5.87232526
98.59949997 23.70447920 5.28598874
98.59949997 23.50468753 5.04480413
98.59949997 23.48803823 5.02815483
98.59949997 23.47138892 5.01150552
98.59949997 23.22164934 4.57335313
98.59949997 22.90531253 4.00365897
98.59949997 22.82206601 3.81645208
98.59949997 22.63892364 3.56836518
98.59949997 22.62227434 3.55171587
98.59949997 22.38918406 3.27723265
98.59949997 22.37253476 3.26058335
98.59949997 22.35588545 3.24393404
98.59949997 22.23934031 3.11359126
98.59949997 22.22269101 3.09694195
98.59949997 21.88970489 2.59100725
98.59949997 21.68991323 2.34006868
98.59949997 21.54006948 2.13907804
98.59949997 21.49012156 2.05178087
98.59949997 21.47347226 2.03513157
98.59949997 21.45682295 2.01848226
98.59949997 20.94069448 1.24495274
98.59949997 20.60770837 0.79991889
98.59949997 20.14152781 0.20789294
98.61615274 28.01664934 10.69793292
98.61615274 24.08741323 5.89587339
98.61615274 23.68782989 5.26244061
98.61615274 23.67118059 5.24579131
98.61615274 23.53798614 5.08500157
98.61615274 23.52133684 5.06835226
98.61615274 23.45473962 4.98795739
98.61615274 23.43809031 4.97130809
98.61615274 23.42144101 4.95465878
98.61615274 23.22164934 4.59000591
98.61615274 22.90531253 3.98700619
98.61615274 22.82206601 3.83310486
98.61615274 22.60562503 3.52816774
98.61615274 22.58897573 3.51151844
98.61615274 22.57232642 3.49486913
98.61615274 22.55567712 3.47821983
98.61615274 22.40583337 3.30078078
98.61615274 22.20604170 3.07339382
98.61615274 22.18939239 3.05674452
98.61615274 22.17274309 3.04009521
98.61615274 21.90635420 2.61455538
98.61615274 21.67326392 2.31652056
98.61615274 21.55671878 2.16262617
98.61615274 21.44017364 1.99493413
98.61615274 21.42352434 1.97828483
98.61615274 20.94069448 1.26160552
98.61615274 20.59105906 0.77637076
98.61615274 20.57440976 0.75972145
98.61615274 20.55776045 0.74307215
98.61615274 20.54111114 0.72642284
98.61615274 20.52446184 0.70977354
98.61615274 20.14152781 0.22454572
98.63280552 28.01664934 10.68128014
98.63280552 24.08741323 5.91252617
98.63280552 23.65453128 5.22224318
98.63280552 23.63788198 5.20559387
98.63280552 23.55463545 5.10854970
98.63280552 23.40479170 4.93111065
98.63280552 23.22164934 4.60665868
98.63280552 22.90531253 3.97035341
98.63280552 22.82206601 3.84975764
98.63280552 22.53902781 3.45467170
98.63280552 22.42248267 3.32432891
98.63280552 22.15609378 3.01654708
98.63280552 21.92300351 2.63810350
98.63280552 21.65661462 2.29297243
98.63280552 21.63996531 2.27632312
98.63280552 21.55671878 2.17927895
98.63280552 21.40687503 1.95473670
98.63280552 20.95734378 1.28515365
98.63280552 20.50781253 0.68622541
98.63280552 20.14152781 0.24119850
98.64945830 28.00000003 10.65773201
98.64945830 24.10406253 5.93607430
98.64945830 23.62123267 5.18204574
98.64945830 23.60458337 5.16539644
98.64945830 23.58793406 5.14874713
98.64945830 23.57128476 5.13209783
98.64945830 23.40479170 4.91445788
98.64945830 23.22164934 4.62331146
98.64945830 22.88866323 3.94680529
98.64945830 22.83871531 3.87330577
98.64945830 22.52237851 3.43112357
98.64945830 22.50572920 3.41447426
98.64945830 22.48907989 3.39782496
98.64945830 22.47243059 3.38117565
98.64945830 22.45578128 3.36452635
98.64945830 22.43913198 3.34787704
98.64945830 22.13944448 2.99299895
98.64945830 22.12279517 2.97634965
98.64945830 21.92300351 2.65475628
98.64945830 21.62331601 2.25277499
98.64945830 21.60666670 2.23612569
98.64945830 21.59001739 2.21947638
98.64945830 21.57336809 2.20282707
98.64945830 21.40687503 1.93808392
98.64945830 20.97399309 1.30870178
98.64945830 20.49116323 0.66267728
98.64945830 20.40791670 0.56563310
98.64945830 20.39126739 0.54898380
98.64945830 20.37461809 0.53233449
98.64945830 20.35796878 0.51568519
98.64945830 20.34131948 0.49903588
98.64945830 20.15817712 0.26474663
98.66611108 27.98335073 10.63418388
98.66611108 27.96670142 10.61753457
98.66611108 27.95005212 10.60088527
98.66611108 27.93340281 10.58423596
98.66611108 27.91675351 10.56758666
98.66611108 27.90010420 10.55093735
98.66611108 24.10406253 5.95272707
98.66611108 23.38814239 4.89090975
98.66611108 23.22164934 4.63996424
98.66611108 22.88866323 3.93015251
98.66611108 22.87201392 3.91350320
98.66611108 22.85536462 3.89685390
98.66611108 22.10614587 2.95280152
98.66611108 21.93965281 2.67830441
98.66611108 21.39022573 1.91453579
98.66611108 21.37357642 1.89788649
98.66611108 21.35692712 1.88123718
98.66611108 20.97399309 1.32535456
98.66611108 20.47451392 0.63912915
98.66611108 20.45786462 0.62247984
98.66611108 20.44121531 0.60583054
98.66611108 20.42456601 0.58918123
98.66611108 20.32467017 0.47548775
98.66611108 20.17482642 0.28829475
98.68276386 27.88345489 10.52738922
98.68276386 27.86680559 10.51073992
98.68276386 27.76690976 10.39704644
98.68276386 27.75026045 10.38039713
98.68276386 27.73361114 10.36374783
98.68276386 24.10406253 5.96937985
98.68276386 23.38814239 4.87425697
98.68276386 23.22164934 4.65661702
98.68276386 22.08949656 2.92925339
98.68276386 21.93965281 2.69495719
98.68276386 21.34027781 1.85768905
98.68276386 21.32362851 1.84103975
98.68276386 20.99064239 1.34890269
98.68276386 20.30802087 0.45193962
98.68276386 20.17482642 0.30494753
98.69941663 27.85015628 10.48719179
98.69941663 27.83350698 10.47054248
98.69941663 27.81685767 10.45389318
98.69941663 27.80020837 10.43724387
98.69941663 27.78355906 10.42059457
98.69941663 27.71696184 10.34019970
98.69941663 24.10406253 5.98603263
98.69941663 23.37149309 4.85070884
98.69941663 23.23829864 4.68016515
98.69941663 22.07284726 2.90570526
98.69941663 21.95630212 2.71850532
98.69941663 21.30697920 1.81749162
98.69941663 21.29032989 1.80084231
98.69941663 21.27368059 1.78419301
98.69941663 20.99064239 1.36555547
98.69941663 20.29137156 0.42839150
98.69941663 20.27472226 0.41174219
98.69941663 20.25807295 0.39509288
98.69941663 20.24142364 0.37844358
98.69941663 20.22477434 0.36179427
98.69941663 20.20812503 0.34514497
98.69941663 20.19147573 0.32849566
98.71606941 27.70031253 10.31665157
98.71606941 27.68366323 10.30000226
98.71606941 24.10406253 6.00268541
98.71606941 23.35484378 4.82716071
98.71606941 23.23829864 4.69681792
98.71606941 22.07284726 2.88905248
98.71606941 21.95630212 2.73515810
98.71606941 21.25703128 1.76064488
98.71606941 21.24038198 1.74399557
98.71606941 21.22373267 1.72734627
98.71606941 21.20708337 1.71069696
98.71606941 21.19043406 1.69404766
98.71606941 21.17378476 1.67739835
98.71606941 20.99064239 1.38220824
98.73272219 27.66701392 10.27645413
98.73272219 27.65036462 10.25980483
98.73272219 27.63371531 10.24315552
98.73272219 24.12071184 6.02623354
98.73272219 23.33819448 4.80361258
98.73272219 23.32154517 4.78696328
98.73272219 23.30489587 4.77031397
98.73272219 23.28824656 4.75366466
98.73272219 23.27159726 4.73701536
98.73272219 23.25494795 4.72036605
98.73272219 22.05619795 2.86550435
98.73272219 22.02289934 2.80865414
98.73272219 22.00625003 2.79200484
98.73272219 21.98960073 2.77535553
98.73272219 21.97295142 2.75870623
98.73272219 21.15713545 1.65385022
98.73272219 21.14048614 1.63720091
98.73272219 20.99064239 1.39886102
98.74937497 27.61706601 10.21960739
98.74937497 24.12071184 6.04288631
98.74937497 22.05619795 2.84885158
98.74937497 22.03954864 2.83220227
98.74937497 21.12383684 1.61365279
98.74937497 20.99064239 1.41551380
98.76602774 27.61706601 10.20295462
98.76602774 24.12071184 6.05953909
98.76602774 21.10718753 1.59010466
98.76602774 21.00729170 1.43906193
98.78268052 27.60041670 10.17940649
98.78268052 27.58376739 10.16275718
98.78268052 24.12071184 6.07619187
98.78268052 21.10718753 1.57345188
98.78268052 21.04059031 1.47925936
98.78268052 21.02394101 1.46261006
98.79933330 27.56711809 10.13920905
98.79933330 24.13736114 6.09974000
98.79933330 21.09053823 1.54990375
98.79933330 21.05723962 1.50280749
98.81598608 27.56711809 10.12255627
98.81598608 24.13736114 6.11639278
98.81598608 21.07388892 1.52635562
98.83263886 27.55046878 10.09900814
98.83263886 27.53381948 10.08235884
98.83263886 27.51717017 10.06570953
98.83263886 27.50052087 10.04906023
98.83263886 27.48387156 10.03241092
98.83263886 27.46722226 10.01576162
98.83263886 27.43392364 9.96866536
98.83263886 27.41727434 9.95201605
98.83263886 27.40062503 9.93536675
98.83263886 27.38397573 9.91871744
98.83263886 25.93548614 8.33225139
98.83263886 25.91883684 8.31560208
98.83263886 24.12071184 6.13994091
98.84929163 27.45057295 9.99221349
98.84929163 27.36732642 9.89516931
98.84929163 27.35067712 9.87852001
98.84929163 26.01873267 8.42239674
98.84929163 26.00208337 8.40574743
98.84929163 25.98543406 8.38909813
98.84929163 25.96878476 8.37244882
98.84929163 25.95213545 8.35579952
98.84929163 25.90218753 8.29205395
98.84929163 25.88553823 8.27540465
98.84929163 25.86888892 8.25875534
98.84929163 25.30281253 7.66508366
98.84929163 25.28616323 7.64843435
98.84929163 25.26951392 7.63178505
98.84929163 25.25286462 7.61513574
98.84929163 25.23621531 7.59848644
98.84929163 25.21956601 7.58183713
98.84929163 25.20291670 7.56518783
98.84929163 25.18626739 7.54853852
98.84929163 25.16961809 7.53188921
98.84929163 25.15296878 7.51523991
98.84929163 25.13631948 7.49859060
98.84929163 25.11967017 7.48194130
98.84929163 25.10302087 7.46529199
98.84929163 25.08637156 7.44864269
98.84929163 25.06972226 7.43199338
98.84929163 25.05307295 7.41534408
98.84929163 24.12071184 6.15659368
98.86594441 27.33402781 9.85497188
98.86594441 27.31737851 9.83832257
98.86594441 27.00104170 9.49439047
98.86594441 26.98439239 9.47774117
98.86594441 26.96774309 9.46109186
98.86594441 26.95109378 9.44444256
98.86594441 26.93444448 9.42779325
98.86594441 26.31842017 8.75657836
98.86594441 26.30177087 8.73992905
98.86594441 26.20187503 8.62623557
98.86594441 26.18522573 8.60958627
98.86594441 26.16857642 8.59293696
98.86594441 26.15192712 8.57628765
98.86594441 26.11862851 8.52919140
98.86594441 26.10197920 8.51254209
98.86594441 26.08532989 8.49589279
98.86594441 26.06868059 8.47924348
98.86594441 26.05203128 8.46259417
98.86594441 26.03538198 8.44594487
98.86594441 25.85223962 8.23520721
98.86594441 25.83559031 8.21855791
98.86594441 25.81894101 8.20190860
98.86594441 25.80229170 8.18525930
98.86594441 25.78564239 8.16860999
98.86594441 25.76899309 8.15196069
98.86594441 25.75234378 8.13531138
98.86594441 25.36940976 7.73857971
98.86594441 25.35276045 7.72193040
98.86594441 25.33611114 7.70528109
98.86594441 25.31946184 7.68863179
98.86594441 25.03642364 7.39179595
98.86594441 25.01977434 7.37514664
98.86594441 25.00312503 7.35849734
98.86594441 24.13736114 6.18014181
98.88259719 27.30072920 9.81477444
98.88259719 27.28407989 9.79812514
98.88259719 27.26743059 9.78147583
98.88259719 27.18418406 9.68443166
98.88259719 27.16753476 9.66778235
98.88259719 27.15088545 9.65113305
98.88259719 27.13423614 9.63448374
98.88259719 27.11758684 9.61783444
98.88259719 27.10093753 9.60118513
98.88259719 27.08428823 9.58453582
98.88259719 27.06763892 9.56788652
98.88259719 27.05098962 9.55123721
98.88259719 27.03434031 9.53458791
98.88259719 27.01769101 9.51793860
98.88259719 26.91779517 9.40424512
98.88259719 26.90114587 9.38759582
98.88259719 26.88449656 9.37094651
98.88259719 26.86784726 9.35429721
98.88259719 26.85119795 9.33764790
98.88259719 26.83454864 9.32099859
98.88259719 26.80125003 9.27390234
98.88259719 26.33506948 8.78012649
98.88259719 26.28512156 8.71638092
98.88259719 26.26847226 8.69973162
98.88259719 26.25182295 8.68308231
98.88259719 26.23517364 8.66643301
98.88259719 26.21852434 8.64978370
98.88259719 26.13527781 8.55273953
98.88259719 25.73569448 8.11176325
98.88259719 25.71904517 8.09511395
98.88259719 25.70239587 8.07846464
98.88259719 25.68574656 8.06181533
98.88259719 25.66909726 8.04516603
98.88259719 25.65244795 8.02851672
98.88259719 25.63579864 8.01186742
98.88259719 25.61914934 7.99521811
98.88259719 25.60250003 7.97856881
98.88259719 25.58585073 7.96191950
98.88259719 25.56920142 7.94527020
98.88259719 25.55255212 7.92862089
98.88259719 25.53590281 7.91197158
98.88259719 25.51925351 7.89532228
98.88259719 25.50260420 7.87867297
98.88259719 25.48595489 7.86202367
98.88259719 25.46930559 7.84537436
98.88259719 25.45265628 7.82872506
98.88259719 25.43600698 7.81207575
98.88259719 25.41935767 7.79542645
98.88259719 25.40270837 7.77877714
98.88259719 25.38605906 7.76212783
98.88259719 24.98647573 7.33494921
98.88259719 24.15401045 6.20368994
98.89924997 27.25078128 9.75792770
98.89924997 27.23413198 9.74127840
98.89924997 27.21748267 9.72462909
98.89924997 27.20083337 9.70797979
98.89924997 26.81789934 9.29745046
98.89924997 26.78460073 9.25035421
98.89924997 26.76795142 9.23370490
98.89924997 26.75130212 9.21705560
98.89924997 26.73465281 9.20040629
98.89924997 26.71800351 9.18375698
98.89924997 26.70135420 9.16710768
98.89924997 26.68470489 9.15045837
98.89924997 26.66805559 9.13380907
98.89924997 26.53486114 8.98681698
98.89924997 26.51821184 8.97016767
98.89924997 26.50156253 8.95351837
98.89924997 26.48491323 8.93686906
98.89924997 26.46826392 8.92021975
98.89924997 26.45161462 8.90357045
98.89924997 26.43496531 8.88692114
98.89924997 26.41831601 8.87027184
98.89924997 26.40166670 8.85362253
98.89924997 26.38501739 8.83697323
98.89924997 26.36836809 8.82032392
98.89924997 26.35171878 8.80367462
98.89924997 24.96982642 7.31140108
98.89924997 24.15401045 6.22034272
98.91590274 26.65140628 9.11026094
98.91590274 26.63475698 9.09361163
98.91590274 26.61810767 9.07696233
98.91590274 26.60145837 9.06031302
98.91590274 26.58480906 9.04366372
98.91590274 26.56815976 9.02701441
98.91590274 26.55151045 9.01036511
98.91590274 24.95317712 7.28785295
98.91590274 24.93652781 7.27120364
98.91590274 24.91987851 7.25455434
98.91590274 24.90322920 7.23790503
98.91590274 24.88657989 7.22125573
98.91590274 24.86993059 7.20460642
98.91590274 24.17065976 6.24389085
98.93255552 24.85328128 7.18105829
98.93255552 24.83663198 7.16440899
98.93255552 24.81998267 7.14775968
98.93255552 24.18730906 6.26743898
98.94920830 24.80333337 7.12421155
98.94920830 24.78668406 7.10756225
98.94920830 24.18730906 6.28409176
98.96586108 24.77003476 7.08401412
98.96586108 24.75338545 7.06736481
98.96586108 24.18730906 6.30074453
98.98251386 24.73673614 7.04381668
98.98251386 24.42039934 6.64873769
98.98251386 24.20395837 6.32429266
98.99916663 24.72008684 7.02026855
98.99916663 24.43704864 6.67228582
98.99916663 24.40375003 6.62518956
98.99916663 24.20395837 6.34094544
99.01581941 24.70343753 6.99672042
99.01581941 24.45369795 6.69583395
99.01581941 24.40375003 6.60853678
99.01581941 24.20395837 6.35759822
99.03247219 24.70343753 6.98006765
99.03247219 24.52029517 6.76932999
99.03247219 24.50364587 6.75268069
99.03247219 24.48699656 6.73603138
99.03247219 24.47034726 6.71938207
99.03247219 24.40375003 6.59188400
99.03247219 24.22060767 6.38114635
99.04912497 24.68678823 6.95651952
99.04912497 24.67013892 6.93987021
99.04912497 24.65348962 6.92322091
99.04912497 24.63684031 6.90657160
99.04912497 24.58689239 6.84282604
99.04912497 24.57024309 6.82617673
99.04912497 24.55359378 6.80952743
99.04912497 24.53694448 6.79287812
99.04912497 24.38710073 6.56833587
99.04912497 24.37045142 6.55168657
99.04912497 24.35380212 6.53503726
99.04912497 24.33715281 6.51838796
99.04912497 24.32050351 6.50173865
99.04912497 24.30385420 6.48508935
99.04912497 24.28720489 6.46844004
99.04912497 24.27055559 6.45179073
99.04912497 24.23725698 6.40469448
99.06577774 24.62019101 6.88302347
99.06577774 24.60354170 6.86637417
99.06577774 24.25390628 6.42824261
