88.45833333 34.04166667        5      168 0.00000000
88.45833333 34.12500000        5      169 0.00000000
88.45833333 34.20833333        5      170 45.00000000
88.54166667 34.29166667        6      171 315.00000000
88.45833333 34.37500000        5      172 90.00000000
88.54166667 34.37500000        6      172 90.00000000
88.62500000 34.37500000        7      172 0.00000000
88.62500000 34.45833333        7      173 90.00000000
88.70833333 34.45833333        8      173 90.00000000
88.79166667 34.45833333        9      173 90.00000000
88.87500000 34.45833333       10      173 0.00000000
88.87500000 34.54166667       10      174 90.00000000
88.95833333 34.54166667       11      174 0.00000000
88.95833333 34.62500000       11      175 90.00000000
89.04166667 34.62500000       12      175 90.00000000
89.12500000 34.62500000       13      175 90.00000000
89.20833333 34.62500000       14      175 0.00000000
89.20833333 34.70833333       14      176 45.00000000
89.29166667 34.79166667       15      177 0.00000000
89.29166667 34.87500000       15      178 0.00000000
89.29166667 34.95833333       15      179 90.00000000
89.37500000 34.95833333       16      179 0.00000000
89.37500000 35.04166667       16      180 0.00000000
89.37500000 35.12500000       16      181 0.00000000
89.37500000 35.20833333       16      182 90.00000000
89.45833333 35.20833333       17      182 0.00000000
89.45833333 35.29166667       17      183 90.00000000
89.54166667 35.29166667       18      183 90.00000000
89.62500000 35.29166667       19      183 135.00000000
89.70833333 35.20833333       20      182 90.00000000
89.79166667 35.20833333       21      182 90.00000000
89.87500000 35.20833333       22      182 90.00000000
89.95833333 35.20833333       23      182 90.00000000
90.04166667 35.20833333       24      182 90.00000000
90.12500000 35.20833333       25      182 90.00000000
90.20833333 35.20833333       26      182 90.00000000
90.29166667 35.20833333       27      182 90.00000000
90.37500000 35.20833333       28      182 90.00000000
90.45833333 35.20833333       29      182 90.00000000
90.54166667 35.20833333       30      182 90.00000000
90.62500000 35.20833333       31      182 90.00000000
90.70833333 35.20833333       32      182 90.00000000
90.79166667 35.20833333       33      182 90.00000000
90.87500000 35.20833333       34      182 90.00000000
90.95833333 35.20833333       35      182 90.00000000
91.04166667 35.20833333       36      182 90.00000000
91.12500000 35.20833333       37      182 90.00000000
91.20833333 35.20833333       38      182 90.00000000
91.29166667 35.20833333       39      182 90.00000000
91.37500000 35.20833333       40      182 90.00000000
91.45833333 35.20833333       41      182 180.00000000
91.45833333 35.12500000       41      181 90.00000000
91.54166667 35.12500000       42      181 0.00000000
91.54166667 35.20833333       42      182 135.00000000
91.62500000 35.12500000       43      181 90.00000000
91.70833333 35.12500000       44      181 90.00000000
91.79166667 35.12500000       45      181 0.00000000
91.79166667 35.20833333       45      182 90.00000000
91.87500000 35.20833333       46      182 180.00000000
91.87500000 35.12500000       46      181 90.00000000
91.95833333 35.12500000       47      181 0.00000000
91.95833333 35.20833333       47      182 90.00000000
92.04166667 35.20833333       48      182 90.00000000
92.12500000 35.20833333       49      182 90.00000000
92.20833333 35.20833333       50      182 90.00000000
92.29166667 35.20833333       51      182 90.00000000
92.37500000 35.20833333       52      182 90.00000000
92.45833333 35.20833333       53      182 90.00000000
92.54166667 35.20833333       54      182 180.00000000
92.54166667 35.12500000       54      181 90.00000000
92.62500000 35.12500000       55      181 90.00000000
92.70833333 35.12500000       56      181 0.00000000
92.70833333 35.20833333       56      182 90.00000000
92.79166667 35.20833333       57      182 90.00000000
92.87500000 35.20833333       58      182 90.00000000
92.95833333 35.20833333       59      182 90.00000000
93.04166667 35.20833333       60      182 0.00000000
93.04166667 35.29166667       60      183 90.00000000
93.12500000 35.29166667       61      183 90.00000000
93.20833333 35.29166667       62      183 90.00000000
93.29166667 35.29166667       63      183 90.00000000
93.37500000 35.29166667       64      183 90.00000000
93.45833333 35.29166667       65      183 90.00000000
93.54166667 35.29166667       66      183 90.00000000
93.62500000 35.29166667       67      183 90.00000000
93.70833333 35.29166667       68      183 90.00000000
93.79166667 35.29166667       69      183 90.00000000
93.87500000 35.29166667       70      183 180.00000000
93.87500000 35.20833333       70      182 90.00000000
93.95833333 35.20833333       71      182 90.00000000
94.04166667 35.20833333       72      182 90.00000000
94.12500000 35.20833333       73      182 90.00000000
94.20833333 35.20833333       74      182 180.00000000
94.20833333 35.12500000       74      181 90.00000000
94.29166667 35.12500000       75      181 180.00000000
94.29166667 35.04166667       75      180 90.00000000
94.37500000 35.04166667       76      180 90.00000000
94.45833333 35.04166667       77      180 90.00000000
94.54166667 35.04166667       78      180 90.00000000
94.62500000 35.04166667       79      180 90.00000000
94.70833333 35.04166667       80      180 90.00000000
94.79166667 35.04166667       81      180 180.00000000
94.79166667 34.95833333       81      179 90.00000000
94.87500000 34.95833333       82      179 180.00000000
94.87500000 34.87500000       82      178 90.00000000
94.95833333 34.87500000       83      178 180.00000000
94.95833333 34.79166667       83      177 180.00000000
94.95833333 34.70833333       83      176 180.00000000
94.95833333 34.62500000       83      175 90.00000000
95.04166667 34.62500000       84      175 180.00000000
95.04166667 34.54166667       84      174 90.00000000
95.12500000 34.54166667       85      174 180.00000000
95.12500000 34.45833333       85      173 90.00000000
95.20833333 34.45833333       86      173 90.00000000
95.29166667 34.45833333       87      173 90.00000000
95.37500000 34.45833333       88      173 180.00000000
95.37500000 34.37500000       88      172 90.00000000
95.45833333 34.37500000       89      172 90.00000000
95.54166667 34.37500000       90      172 180.00000000
95.54166667 34.29166667       90      171 90.00000000
95.62500000 34.29166667       91      171 180.00000000
95.62500000 34.20833333       91      170 90.00000000
95.70833333 34.20833333       92      170 180.00000000
95.70833333 34.12500000       92      169 135.00000000
95.79166667 34.04166667       93      168 90.00000000
95.87500000 34.04166667       94      168 180.00000000
95.87500000 33.95833333       94      167 135.00000000
95.95833333 33.87500000       95      166 135.00000000
96.04166667 33.79166667       96      165 90.00000000
96.12500000 33.79166667       97      165 90.00000000
96.20833333 33.79166667       98      165 180.00000000
96.20833333 33.70833333       98      164 90.00000000
96.29166667 33.70833333       99      164 90.00000000
96.37500000 33.70833333      100      164 90.00000000
96.45833333 33.70833333      101      164 180.00000000
96.45833333 33.62500000      101      163 90.00000000
96.54166667 33.62500000      102      163 90.00000000
96.62500000 33.62500000      103      163 180.00000000
96.62500000 33.54166667      103      162 90.00000000
96.70833333 33.54166667      104      162 180.00000000
96.70833333 33.45833333      104      161 180.00000000
96.70833333 33.37500000      104      160 90.00000000
96.79166667 33.37500000      105      160 180.00000000
96.79166667 33.29166667      105      159 90.00000000
96.87500000 33.29166667      106      159 90.00000000
96.95833333 33.29166667      107      159 90.00000000
97.04166667 33.29166667      108      159 180.00000000
97.04166667 33.20833333      108      158 180.00000000
97.04166667 33.12500000      108      157 90.00000000
97.12500000 33.12500000      109      157 90.00000000
97.20833333 33.12500000      110      157 180.00000000
97.20833333 33.04166667      110      156 135.00000000
97.29166667 32.95833333      111      155 180.00000000
97.29166667 32.87500000      111      154 90.00000000
97.37500000 32.87500000      112      154 180.00000000
97.37500000 32.79166667      112      153 135.00000000
97.45833333 32.70833333      113      152 180.00000000
97.45833333 32.62500000      113      151 90.00000000
97.54166667 32.62500000      114      151 90.00000000
97.62500000 32.62500000      115      151 180.00000000
97.62500000 32.54166667      115      150 90.00000000
97.70833333 32.54166667      116      150 90.00000000
97.79166667 32.54166667      117      150 180.00000000
97.79166667 32.45833333      117      149 90.00000000
97.87500000 32.45833333      118      149 90.00000000
97.95833333 32.45833333      119      149 90.00000000
98.04166667 32.45833333      120      149 180.00000000
98.04166667 32.37500000      120      148 90.00000000
98.12500000 32.37500000      121      148 90.00000000
98.20833333 32.37500000      122      148 180.00000000
98.20833333 32.29166667      122      147 180.00000000
98.20833333 32.20833333      122      146 90.00000000
98.29166667 32.20833333      123      146 180.00000000
98.29166667 32.12500000      123      145 135.00000000
98.37500000 32.04166667      124      144 135.00000000
98.45833333 31.95833333      125      143 180.00000000
98.45833333 31.87500000      125      142 270.00000000
98.37500000 31.87500000      124      142 135.00000000
98.45833333 31.79166667      125      141 135.00000000
98.54166667 31.70833333      126      140 180.00000000
98.54166667 31.62500000      126      139 90.00000000
98.62500000 31.62500000      127      139 180.00000000
98.62500000 31.54166667      127      138 90.00000000
98.70833333 31.54166667      128      138 180.00000000
98.70833333 31.45833333      128      137 90.00000000
98.79166667 31.45833333      129      137 135.00000000
98.87500000 31.37500000      130      136 180.00000000
98.87500000 31.29166667      130      135 270.00000000
98.79166667 31.29166667      129      135 180.00000000
98.79166667 31.20833333      129      134 315.00000000
98.70833333 31.29166667      128      135 270.00000000
98.62500000 31.29166667      127      135 180.00000000
98.62500000 31.20833333      127      134 180.00000000
98.62500000 31.12500000      127      133 90.00000000
98.70833333 31.12500000      128      133 180.00000000
98.70833333 31.04166667      128      132 90.00000000
98.79166667 31.04166667      129      132 180.00000000
98.79166667 30.95833333      129      131 180.00000000
98.79166667 30.87500000      129      130 90.00000000
98.87500000 30.87500000      130      130 180.00000000
98.87500000 30.79166667      130      129 90.00000000
98.95833333 30.79166667      131      129 180.00000000
98.95833333 30.70833333      131      128 270.00000000
98.87500000 30.70833333      130      128 180.00000000
98.87500000 30.62500000      130      127 90.00000000
98.95833333 30.62500000      131      127 180.00000000
98.95833333 30.54166667      131      126 180.00000000
98.95833333 30.45833333      131      125 180.00000000
98.95833333 30.37500000      131      124 180.00000000
98.95833333 30.29166667      131      123 180.00000000
98.95833333 30.20833333      131      122 180.00000000
98.95833333 30.12500000      131      121 90.00000000
99.04166667 30.12500000      132      121 180.00000000
99.04166667 30.04166667      132      120 180.00000000
99.04166667 29.95833333      132      119 180.00000000
99.04166667 29.87500000      132      118 180.00000000
99.04166667 29.79166667      132      117 180.00000000
99.04166667 29.70833333      132      116 270.00000000
98.95833333 29.70833333      131      116 180.00000000
98.95833333 29.62500000      131      115 90.00000000
99.04166667 29.62500000      132      115 180.00000000
99.04166667 29.54166667      132      114 180.00000000
99.04166667 29.45833333      132      113 180.00000000
99.04166667 29.37500000      132      112 180.00000000
99.04166667 29.29166667      132      111 90.00000000
99.12500000 29.29166667      133      111 180.00000000
99.12500000 29.20833333      133      110 180.00000000
99.12500000 29.12500000      133      109 180.00000000
99.12500000 29.04166667      133      108 180.00000000
99.12500000 28.95833333      133      107 180.00000000
99.12500000 28.87500000      133      106 180.00000000
99.12500000 28.79166667      133      105 180.00000000
99.12500000 28.70833333      133      104 180.00000000
99.12500000 28.62500000      133      103 90.00000000
99.20833333 28.62500000      134      103 180.00000000
99.20833333 28.54166667      134      102 180.00000000
99.20833333 28.45833333      134      101 180.00000000
99.20833333 28.37500000      134      100 180.00000000
99.20833333 28.29166667      134       99 90.00000000
99.29166667 28.29166667      135       99 180.00000000
99.29166667 28.20833333      135       98 90.00000000
99.37500000 28.20833333      136       98 180.00000000
99.37500000 28.12500000      136       97 180.00000000
99.37500000 28.04166667      136       96 180.00000000
99.37500000 27.95833333      136       95 90.00000000
99.45833333 27.95833333      137       95 180.00000000
99.45833333 27.87500000      137       94 180.00000000
99.45833333 27.79166667      137       93 180.00000000
99.45833333 27.70833333      137       92 180.00000000
99.45833333 27.62500000      137       91 90.00000000
99.54166667 27.62500000      138       91 180.00000000
99.54166667 27.54166667      138       90 180.00000000
99.54166667 27.45833333      138       89 90.00000000
99.62500000 27.45833333      139       89 180.00000000
99.62500000 27.37500000      139       88 180.00000000
99.62500000 27.29166667      139       87 90.00000000
99.70833333 27.29166667      140       87 180.00000000
99.70833333 27.20833333      140       86 90.00000000
99.79166667 27.20833333      141       86 180.00000000
99.79166667 27.12500000      141       85 90.00000000
99.87500000 27.12500000      142       85 180.00000000
99.87500000 27.04166667      142       84 90.00000000
99.95833333 27.04166667      143       84 180.00000000
99.95833333 26.95833333      143       83 180.00000000
99.95833333 26.87500000      143       82 90.00000000
100.04166667 26.87500000      144       82 0.00000000
100.04166667 26.95833333      144       83 0.00000000
100.04166667 27.04166667      144       84 0.00000000
100.04166667 27.12500000      144       85 45.00000000
100.12500000 27.20833333      145       86 0.00000000
100.12500000 27.29166667      145       87 90.00000000
100.20833333 27.29166667      146       87 0.00000000
100.20833333 27.37500000      146       88 0.00000000
100.20833333 27.45833333      146       89 0.00000000
100.20833333 27.54166667      146       90 45.00000000
100.29166667 27.62500000      147       91 0.00000000
100.29166667 27.70833333      147       92 45.00000000
100.37500000 27.79166667      148       93 180.00000000
100.37500000 27.70833333      148       92 135.00000000
100.45833333 27.62500000      149       91 180.00000000
100.45833333 27.54166667      149       90 180.00000000
100.45833333 27.45833333      149       89 180.00000000
100.45833333 27.37500000      149       88 90.00000000
100.54166667 27.37500000      150       88 180.00000000
100.54166667 27.29166667      150       87 180.00000000
100.54166667 27.20833333      150       86 270.00000000
100.45833333 27.20833333      149       86 180.00000000
100.45833333 27.12500000      149       85 180.00000000
100.45833333 27.04166667      149       84 180.00000000
100.45833333 26.95833333      149       83 180.00000000
100.45833333 26.87500000      149       82 180.00000000
100.45833333 26.79166667      149       81 270.00000000
100.37500000 26.79166667      148       81 180.00000000
100.37500000 26.70833333      148       80 180.00000000
100.37500000 26.62500000      148       79 90.00000000
100.45833333 26.62500000      149       79 225.00000000
100.37500000 26.54166667      148       78 90.00000000
100.45833333 26.54166667      149       78 180.00000000
100.45833333 26.45833333      149       77 180.00000000
100.45833333 26.37500000      149       76 180.00000000
100.45833333 26.29166667      149       75 180.00000000
100.45833333 26.20833333      149       74 90.00000000
100.54166667 26.20833333      150       74 90.00000000
100.62500000 26.20833333      151       74 90.00000000
100.70833333 26.20833333      152       74 90.00000000
100.79166667 26.20833333      153       74 90.00000000
100.87500000 26.20833333      154       74 180.00000000
100.87500000 26.12500000      154       73 45.00000000
100.95833333 26.20833333      155       74 0.00000000
100.95833333 26.29166667      155       75 90.00000000
101.04166667 26.29166667      156       75 90.00000000
101.12500000 26.29166667      157       75 0.00000000
101.12500000 26.37500000      157       76 90.00000000
101.20833333 26.37500000      158       76 90.00000000
101.29166667 26.37500000      159       76 90.00000000
101.37500000 26.37500000      160       76 90.00000000
101.45833333 26.37500000      161       76 0.00000000
101.45833333 26.45833333      161       77 0.00000000
101.45833333 26.54166667      161       78 45.00000000
101.54166667 26.62500000      162       79 90.00000000
101.62500000 26.62500000      163       79 90.00000000
101.70833333 26.62500000      164       79 90.00000000
101.79166667 26.62500000      165       79 180.00000000
101.79166667 26.54166667      165       78 90.00000000
101.87500000 26.54166667      166       78 180.00000000
101.87500000 26.45833333      166       77 90.00000000
101.95833333 26.45833333      167       77 180.00000000
101.95833333 26.37500000      167       76 180.00000000
101.95833333 26.29166667      167       75 270.00000000
101.87500000 26.29166667      166       75 180.00000000
101.87500000 26.20833333      166       74 180.00000000
101.87500000 26.12500000      166       73 180.00000000
101.87500000 26.04166667      166       72 270.00000000
101.79166667 26.04166667      165       72 180.00000000
101.79166667 25.95833333      165       71 90.00000000
101.87500000 25.95833333      166       71 90.00000000
101.95833333 25.95833333      167       71 90.00000000
102.04166667 25.95833333      168       71 45.00000000
102.12500000 26.04166667      169       72 0.00000000
102.12500000 26.12500000      169       73 90.00000000
102.20833333 26.12500000      170       73 0.00000000
102.20833333 26.20833333      170       74 90.00000000
102.29166667 26.20833333      171       74 90.00000000
102.37500000 26.20833333      172       74 0.00000000
102.37500000 26.29166667      172       75 90.00000000
102.45833333 26.29166667      173       75 90.00000000
102.54166667 26.29166667      174       75 0.00000000
102.54166667 26.37500000      174       76 90.00000000
102.62500000 26.37500000      175       76 180.00000000
102.62500000 26.29166667      175       75 180.00000000
102.62500000 26.20833333      175       74 90.00000000
102.70833333 26.20833333      176       74 0.00000000
102.70833333 26.29166667      176       75 90.00000000
102.79166667 26.29166667      177       75 90.00000000
102.87500000 26.29166667      178       75 0.00000000
102.87500000 26.37500000      178       76 90.00000000
102.95833333 26.37500000      179       76 0.00000000
102.95833333 26.45833333      179       77 90.00000000
103.04166667 26.45833333      180       77 0.00000000
103.04166667 26.54166667      180       78 0.00000000
103.04166667 26.62500000      180       79 0.00000000
103.04166667 26.70833333      180       80 270.00000000
102.95833333 26.70833333      179       80 0.00000000
102.95833333 26.79166667      179       81 0.00000000
102.95833333 26.87500000      179       82 270.00000000
102.87500000 26.87500000      178       82 0.00000000
102.87500000 26.95833333      178       83 0.00000000
102.87500000 27.04166667      178       84 0.00000000
102.87500000 27.12500000      178       85 0.00000000
102.87500000 27.20833333      178       86 0.00000000
102.87500000 27.29166667      178       87 0.00000000
102.87500000 27.37500000      178       88 90.00000000
102.95833333 27.37500000      179       88 90.00000000
103.04166667 27.37500000      180       88 90.00000000
103.12500000 27.37500000      181       88 0.00000000
103.12500000 27.45833333      181       89 45.00000000
103.20833333 27.54166667      182       90 90.00000000
103.29166667 27.54166667      183       90 0.00000000
103.29166667 27.62500000      183       91 0.00000000
103.29166667 27.70833333      183       92 90.00000000
103.37500000 27.70833333      184       92 90.00000000
103.45833333 27.70833333      185       92 0.00000000
103.45833333 27.79166667      185       93 45.00000000
103.54166667 27.87500000      186       94 270.00000000
103.45833333 27.87500000      185       94 45.00000000
103.54166667 27.95833333      186       95 315.00000000
103.45833333 28.04166667      185       96 0.00000000
103.45833333 28.12500000      185       97 90.00000000
103.54166667 28.12500000      186       97 0.00000000
103.54166667 28.20833333      186       98 90.00000000
103.62500000 28.20833333      187       98 90.00000000
103.70833333 28.20833333      188       98 90.00000000
103.79166667 28.20833333      189       98 0.00000000
103.79166667 28.29166667      189       99 90.00000000
103.87500000 28.29166667      190       99 0.00000000
103.87500000 28.37500000      190      100 315.00000000
103.79166667 28.45833333      189      101 0.00000000
103.79166667 28.54166667      189      102 0.00000000
103.79166667 28.62500000      189      103 90.00000000
103.87500000 28.62500000      190      103 90.00000000
103.95833333 28.62500000      191      103 90.00000000
104.04166667 28.62500000      192      103 90.00000000
104.12500000 28.62500000      193      103 90.00000000
104.20833333 28.62500000      194      103 90.00000000
104.29166667 28.62500000      195      103 90.00000000
104.37500000 28.62500000      196      103 90.00000000
104.45833333 28.62500000      197      103 90.00000000
104.54166667 28.62500000      198      103 0.00000000
104.54166667 28.70833333      198      104 90.00000000
104.62500000 28.70833333      199      104 45.00000000
104.70833333 28.79166667      200      105 90.00000000
104.79166667 28.79166667      201      105 90.00000000
104.87500000 28.79166667      202      105 90.00000000
104.95833333 28.79166667      203      105 90.00000000
105.04166667 28.79166667      204      105 180.00000000
105.04166667 28.70833333      204      104 90.00000000
105.12500000 28.70833333      205      104 90.00000000
105.20833333 28.70833333      206      104 90.00000000
105.29166667 28.70833333      207      104 0.00000000
105.29166667 28.79166667      207      105 90.00000000
105.37500000 28.79166667      208      105 0.00000000
105.37500000 28.87500000      208      106 90.00000000
105.45833333 28.87500000      209      106 90.00000000
105.54166667 28.87500000      210      106 90.00000000
105.62500000 28.87500000      211      106 90.00000000
105.70833333 28.87500000      212      106 90.00000000
105.79166667 28.87500000      213      106 0.00000000
105.79166667 28.95833333      213      107 90.00000000
105.87500000 28.95833333      214      107 0.00000000
105.87500000 29.04166667      214      108 90.00000000
105.95833333 29.04166667      215      108 45.00000000
106.04166667 29.12500000      216      109 90.00000000
106.12500000 29.12500000      217      109 0.00000000
106.12500000 29.20833333      217      110 90.00000000
106.20833333 29.20833333      218      110 0.00000000
106.20833333 29.29166667      218      111 90.00000000
106.29166667 29.29166667      219      111 90.00000000
106.37500000 29.29166667      220      111 45.00000000
106.45833333 29.37500000      221      112 45.00000000
106.54166667 29.45833333      222      113 0.00000000
106.54166667 29.54166667      222      114 90.00000000
106.62500000 29.54166667      223      114 90.00000000
106.70833333 29.54166667      224      114 90.00000000
106.79166667 29.54166667      225      114 90.00000000
106.87500000 29.54166667      226      114 0.00000000
106.87500000 29.62500000      226      115 45.00000000
106.95833333 29.70833333      227      116 45.00000000
107.04166667 29.79166667      228      117 90.00000000
107.12500000 29.79166667      229      117 180.00000000
107.12500000 29.70833333      229      116 90.00000000
107.20833333 29.70833333      230      116 90.00000000
107.29166667 29.70833333      231      116 90.00000000
107.37500000 29.70833333      232      116 45.00000000
107.45833333 29.79166667      233      117 45.00000000
107.54166667 29.87500000      234      118 180.00000000
107.54166667 29.79166667      234      117 90.00000000
107.62500000 29.79166667      235      117 0.00000000
107.62500000 29.87500000      235      118 90.00000000
107.70833333 29.87500000      236      118 90.00000000
107.79166667 29.87500000      237      118 0.00000000
107.79166667 29.95833333      237      119 90.00000000
107.87500000 29.95833333      238      119 0.00000000
107.87500000 30.04166667      238      120 0.00000000
107.87500000 30.12500000      238      121 90.00000000
107.95833333 30.12500000      239      121 0.00000000
107.95833333 30.20833333      239      122 0.00000000
