94.54166667 33.37500000       78      160 180.00000000
94.54166667 33.29166667       78      159 90.00000000
94.62500000 33.29166667       79      159 180.00000000
94.62500000 33.20833333       79      158 135.00000000
94.70833333 33.12500000       80      157 90.00000000
94.79166667 33.12500000       81      157 90.00000000
94.87500000 33.12500000       82      157 90.00000000
94.95833333 33.12500000       83      157 180.00000000
94.95833333 33.04166667       83      156 90.00000000
95.04166667 33.04166667       84      156 90.00000000
95.12500000 33.04166667       85      156 180.00000000
95.12500000 32.95833333       85      155 135.00000000
95.20833333 32.87500000       86      154 90.00000000
95.29166667 32.87500000       87      154 90.00000000
95.37500000 32.87500000       88      154 135.00000000
95.45833333 32.79166667       89      153 0.00000000
95.45833333 32.87500000       89      154 90.00000000
95.54166667 32.87500000       90      154 180.00000000
95.54166667 32.79166667       90      153 90.00000000
95.62500000 32.79166667       91      153 180.00000000
95.62500000 32.70833333       91      152 90.00000000
95.70833333 32.70833333       92      152 180.00000000
95.70833333 32.62500000       92      151 90.00000000
95.79166667 32.62500000       93      151 90.00000000
95.87500000 32.62500000       94      151 180.00000000
95.87500000 32.54166667       94      150 90.00000000
95.95833333 32.54166667       95      150 90.00000000
96.04166667 32.54166667       96      150 90.00000000
96.12500000 32.54166667       97      150 90.00000000
96.20833333 32.54166667       98      150 90.00000000
96.29166667 32.54166667       99      150 180.00000000
96.29166667 32.45833333       99      149 90.00000000
96.37500000 32.45833333      100      149 180.00000000
96.37500000 32.37500000      100      148 90.00000000
96.45833333 32.37500000      101      148 180.00000000
96.45833333 32.29166667      101      147 90.00000000
96.54166667 32.29166667      102      147 180.00000000
96.54166667 32.20833333      102      146 180.00000000
96.54166667 32.12500000      102      145 90.00000000
96.62500000 32.12500000      103      145 90.00000000
96.70833333 32.12500000      104      145 180.00000000
96.70833333 32.04166667      104      144 45.00000000
96.79166667 32.12500000      105      145 180.00000000
96.79166667 32.04166667      105      144 90.00000000
96.87500000 32.04166667      106      144 180.00000000
96.87500000 31.95833333      106      143 90.00000000
96.95833333 31.95833333      107      143 180.00000000
96.95833333 31.87500000      107      142 90.00000000
97.04166667 31.87500000      108      142 180.00000000
97.04166667 31.79166667      108      141 180.00000000
97.04166667 31.70833333      108      140 90.00000000
97.12500000 31.70833333      109      140 180.00000000
97.12500000 31.62500000      109      139 180.00000000
97.12500000 31.54166667      109      138 90.00000000
97.20833333 31.54166667      110      138 180.00000000
97.20833333 31.45833333      110      137 180.00000000
97.20833333 31.37500000      110      136 180.00000000
97.20833333 31.29166667      110      135 180.00000000
97.20833333 31.20833333      110      134 180.00000000
97.20833333 31.12500000      110      133 180.00000000
97.20833333 31.04166667      110      132 90.00000000
97.29166667 31.04166667      111      132 180.00000000
97.29166667 30.95833333      111      131 90.00000000
97.37500000 30.95833333      112      131 180.00000000
97.37500000 30.87500000      112      130 180.00000000
97.37500000 30.79166667      112      129 180.00000000
97.37500000 30.70833333      112      128 90.00000000
97.45833333 30.70833333      113      128 180.00000000
97.45833333 30.62500000      113      127 90.00000000
97.54166667 30.62500000      114      127 180.00000000
97.54166667 30.54166667      114      126 90.00000000
97.62500000 30.54166667      115      126 180.00000000
97.62500000 30.45833333      115      125 135.00000000
97.70833333 30.37500000      116      124 90.00000000
97.79166667 30.37500000      117      124 180.00000000
97.79166667 30.29166667      117      123 90.00000000
97.87500000 30.29166667      118      123 180.00000000
97.87500000 30.20833333      118      122 90.00000000
97.95833333 30.20833333      119      122 180.00000000
97.95833333 30.12500000      119      121 180.00000000
97.95833333 30.04166667      119      120 90.00000000
98.04166667 30.04166667      120      120 180.00000000
98.04166667 29.95833333      120      119 90.00000000
98.12500000 29.95833333      121      119 180.00000000
98.12500000 29.87500000      121      118 180.00000000
98.12500000 29.79166667      121      117 90.00000000
98.20833333 29.79166667      122      117 135.00000000
98.29166667 29.70833333      123      116 180.00000000
98.29166667 29.62500000      123      115 90.00000000
98.37500000 29.62500000      124      115 180.00000000
98.37500000 29.54166667      124      114 180.00000000
98.37500000 29.45833333      124      113 135.00000000
98.45833333 29.37500000      125      112 180.00000000
98.45833333 29.29166667      125      111 90.00000000
98.54166667 29.29166667      126      111 180.00000000
98.54166667 29.20833333      126      110 90.00000000
98.62500000 29.20833333      127      110 180.00000000
98.62500000 29.12500000      127      109 180.00000000
98.62500000 29.04166667      127      108 180.00000000
98.62500000 28.95833333      127      107 180.00000000
98.62500000 28.87500000      127      106 180.00000000
98.62500000 28.79166667      127      105 90.00000000
98.70833333 28.79166667      128      105 180.00000000
98.70833333 28.70833333      128      104 180.00000000
98.70833333 28.62500000      128      103 90.00000000
98.79166667 28.62500000      129      103 180.00000000
98.79166667 28.54166667      129      102 180.00000000
98.79166667 28.45833333      129      101 90.00000000
98.87500000 28.45833333      130      101 180.00000000
98.87500000 28.37500000      130      100 180.00000000
98.87500000 28.29166667      130       99 180.00000000
98.87500000 28.20833333      130       98 180.00000000
98.87500000 28.12500000      130       97 90.00000000
98.95833333 28.12500000      131       97 180.00000000
98.95833333 28.04166667      131       96 270.00000000
98.87500000 28.04166667      130       96 180.00000000
98.87500000 27.95833333      130       95 90.00000000
98.95833333 27.95833333      131       95 180.00000000
98.95833333 27.87500000      131       94 90.00000000
99.04166667 27.87500000      132       94 180.00000000
99.04166667 27.79166667      132       93 180.00000000
99.04166667 27.70833333      132       92 180.00000000
99.04166667 27.62500000      132       91 180.00000000
99.04166667 27.54166667      132       90 180.00000000
99.04166667 27.45833333      132       89 180.00000000
99.04166667 27.37500000      132       88 90.00000000
99.12500000 27.37500000      133       88 180.00000000
99.12500000 27.29166667      133       87 225.00000000
99.04166667 27.20833333      132       86 90.00000000
99.12500000 27.20833333      133       86 180.00000000
99.12500000 27.12500000      133       85 90.00000000
99.20833333 27.12500000      134       85 180.00000000
99.20833333 27.04166667      134       84 270.00000000
99.12500000 27.04166667      133       84 180.00000000
99.12500000 26.95833333      133       83 90.00000000
99.20833333 26.95833333      134       83 180.00000000
99.20833333 26.87500000      134       82 270.00000000
99.12500000 26.87500000      133       82 180.00000000
99.12500000 26.79166667      133       81 180.00000000
99.12500000 26.70833333      133       80 180.00000000
99.12500000 26.62500000      133       79 180.00000000
99.12500000 26.54166667      133       78 180.00000000
99.12500000 26.45833333      133       77 180.00000000
99.12500000 26.37500000      133       76 180.00000000
99.12500000 26.29166667      133       75 180.00000000
99.12500000 26.20833333      133       74 180.00000000
99.12500000 26.12500000      133       73 180.00000000
99.12500000 26.04166667      133       72 180.00000000
99.12500000 25.95833333      133       71 180.00000000
99.12500000 25.87500000      133       70 90.00000000
99.20833333 25.87500000      134       70 180.00000000
99.20833333 25.79166667      134       69 180.00000000
99.20833333 25.70833333      134       68 90.00000000
99.29166667 25.70833333      135       68 180.00000000
99.29166667 25.62500000      135       67 135.00000000
99.37500000 25.54166667      136       66 270.00000000
99.29166667 25.54166667      135       66 180.00000000
99.29166667 25.45833333      135       65 90.00000000
99.37500000 25.45833333      136       65 225.00000000
99.29166667 25.37500000      135       64 180.00000000
99.29166667 25.29166667      135       63 90.00000000
99.37500000 25.29166667      136       63 180.00000000
99.37500000 25.20833333      136       62 90.00000000
99.45833333 25.20833333      137       62 180.00000000
99.45833333 25.12500000      137       61 90.00000000
99.54166667 25.12500000      138       61 90.00000000
99.62500000 25.12500000      139       61 180.00000000
99.62500000 25.04166667      139       60 90.00000000
99.70833333 25.04166667      140       60 180.00000000
99.70833333 24.95833333      140       59 180.00000000
99.70833333 24.87500000      140       58 90.00000000
99.79166667 24.87500000      141       58 135.00000000
99.87500000 24.79166667      142       57 90.00000000
99.95833333 24.79166667      143       57 180.00000000
99.95833333 24.70833333      143       56 90.00000000
100.04166667 24.70833333      144       56 90.00000000
100.12500000 24.70833333      145       56 180.00000000
100.12500000 24.62500000      145       55 45.00000000
100.20833333 24.70833333      146       56 90.00000000
100.29166667 24.70833333      147       56 0.00000000
100.29166667 24.79166667      147       57 135.00000000
100.37500000 24.70833333      148       56 90.00000000
100.45833333 24.70833333      149       56 180.00000000
100.45833333 24.62500000      149       55 90.00000000
100.54166667 24.62500000      150       55 180.00000000
100.54166667 24.54166667      150       54 180.00000000
100.54166667 24.45833333      150       53 180.00000000
100.54166667 24.37500000      150       52 180.00000000
100.54166667 24.29166667      150       51 180.00000000
100.54166667 24.20833333      150       50 180.00000000
100.54166667 24.12500000      150       49 270.00000000
100.45833333 24.12500000      149       49 180.00000000
100.45833333 24.04166667      149       48 180.00000000
100.45833333 23.95833333      149       47 270.00000000
100.37500000 23.95833333      148       47 180.00000000
100.37500000 23.87500000      148       46 270.00000000
100.29166667 23.87500000      147       46 180.00000000
100.29166667 23.79166667      147       45 180.00000000
100.29166667 23.70833333      147       44 180.00000000
100.29166667 23.62500000      147       43 90.00000000
100.37500000 23.62500000      148       43 225.00000000
100.29166667 23.54166667      147       42 270.00000000
100.20833333 23.54166667      146       42 270.00000000
100.12500000 23.54166667      145       42 180.00000000
100.12500000 23.45833333      145       41 180.00000000
100.12500000 23.37500000      145       40 270.00000000
100.04166667 23.37500000      144       40 180.00000000
100.04166667 23.29166667      144       39 90.00000000
100.12500000 23.29166667      145       39 225.00000000
100.04166667 23.20833333      144       38 90.00000000
100.12500000 23.20833333      145       38 180.00000000
100.12500000 23.12500000      145       37 180.00000000
100.12500000 23.04166667      145       36 90.00000000
100.20833333 23.04166667      146       36 180.00000000
100.20833333 22.95833333      146       35 90.00000000
100.29166667 22.95833333      147       35 180.00000000
100.29166667 22.87500000      147       34 90.00000000
100.37500000 22.87500000      148       34 180.00000000
100.37500000 22.79166667      148       33 180.00000000
100.37500000 22.70833333      148       32 180.00000000
100.37500000 22.62500000      148       31 90.00000000
100.45833333 22.62500000      149       31 180.00000000
100.45833333 22.54166667      149       30 90.00000000
100.54166667 22.54166667      150       30 90.00000000
100.62500000 22.54166667      151       30 180.00000000
100.62500000 22.45833333      151       29 270.00000000
100.54166667 22.45833333      150       29 135.00000000
100.62500000 22.37500000      151       28 180.00000000
100.62500000 22.29166667      151       27 90.00000000
100.70833333 22.29166667      152       27 180.00000000
100.70833333 22.20833333      152       26 180.00000000
100.70833333 22.12500000      152       25 90.00000000
100.79166667 22.12500000      153       25 180.00000000
100.79166667 22.04166667      153       24 180.00000000
100.79166667 21.95833333      153       23 90.00000000
100.87500000 21.95833333      154       23 180.00000000
100.87500000 21.87500000      154       22 90.00000000
100.95833333 21.87500000      155       22 90.00000000
101.04166667 21.87500000      156       22 180.00000000
101.04166667 21.79166667      156       21 180.00000000
101.04166667 21.70833333      156       20 270.00000000
100.95833333 21.70833333      155       20 180.00000000
100.95833333 21.62500000      155       19 270.00000000
100.87500000 21.62500000      154       19 180.00000000
100.87500000 21.54166667      154       18 270.00000000
100.79166667 21.54166667      153       18 180.00000000
100.79166667 21.45833333      153       17 270.00000000
100.70833333 21.45833333      152       17 180.00000000
100.70833333 21.37500000      152       16 180.00000000
100.70833333 21.29166667      152       15 180.00000000
100.70833333 21.20833333      152       14 180.00000000
100.70833333 21.12500000      152       13 270.00000000
100.62500000 21.12500000      151       13 180.00000000
100.62500000 21.04166667      151       12 270.00000000
100.54166667 21.04166667      150       12 180.00000000
100.54166667 20.95833333      150       11 180.00000000
100.54166667 20.87500000      150       10 270.00000000
100.45833333 20.87500000      149       10 180.00000000
100.45833333 20.79166667      149        9 270.00000000
100.37500000 20.79166667      148        9 270.00000000
100.29166667 20.79166667      147        9 180.00000000
100.29166667 20.70833333      147        8 270.00000000
100.20833333 20.70833333      146        8 180.00000000
100.20833333 20.62500000      146        7 270.00000000
100.12500000 20.62500000      145        7 180.00000000
100.12500000 20.54166667      145        6 180.00000000
100.12500000 20.45833333      145        5 180.00000000
100.12500000 20.37500000      145        4 180.00000000
100.12500000 20.29166667      145        3 180.00000000
100.12500000 20.20833333      145        2 270.00000000
100.04166667 20.20833333      144        2 180.00000000
100.04166667 20.12500000      144        1 180.00000000
100.04166667 20.04166667      144        0 270.00000000
99.95833333 20.04166667      143        0 0.00000000
