91.70833333 32.20833333       44      146 270.00000000
91.62500000 32.20833333       43      146 180.00000000
91.62500000 32.12500000       43      145 270.00000000
91.54166667 32.12500000       42      145 180.00000000
91.54166667 32.04166667       42      144 180.00000000
91.54166667 31.95833333       42      143 180.00000000
91.54166667 31.87500000       42      142 180.00000000
91.54166667 31.79166667       42      141 135.00000000
91.62500000 31.70833333       43      140 90.00000000
91.70833333 31.70833333       44      140 180.00000000
91.70833333 31.62500000       44      139 90.00000000
91.79166667 31.62500000       45      139 180.00000000
91.79166667 31.54166667       45      138 135.00000000
91.87500000 31.45833333       46      137 270.00000000
91.79166667 31.45833333       45      137 180.00000000
91.79166667 31.37500000       45      136 90.00000000
91.87500000 31.37500000       46      136 90.00000000
91.95833333 31.37500000       47      136 90.00000000
92.04166667 31.37500000       48      136 180.00000000
92.04166667 31.29166667       48      135 90.00000000
92.12500000 31.29166667       49      135 90.00000000
92.20833333 31.29166667       50      135 90.00000000
92.29166667 31.29166667       51      135 0.00000000
92.29166667 31.37500000       51      136 90.00000000
92.37500000 31.37500000       52      136 0.00000000
92.37500000 31.45833333       52      137 90.00000000
92.45833333 31.45833333       53      137 90.00000000
92.54166667 31.45833333       54      137 90.00000000
92.62500000 31.45833333       55      137 90.00000000
92.70833333 31.45833333       56      137 0.00000000
92.70833333 31.54166667       56      138 90.00000000
92.79166667 31.54166667       57      138 180.00000000
92.79166667 31.45833333       57      137 45.00000000
92.87500000 31.54166667       58      138 90.00000000
92.95833333 31.54166667       59      138 90.00000000
93.04166667 31.54166667       60      138 90.00000000
93.12500000 31.54166667       61      138 90.00000000
93.20833333 31.54166667       62      138 90.00000000
93.29166667 31.54166667       63      138 90.00000000
93.37500000 31.54166667       64      138 90.00000000
93.45833333 31.54166667       65      138 180.00000000
93.45833333 31.45833333       65      137 90.00000000
93.54166667 31.45833333       66      137 90.00000000
93.62500000 31.45833333       67      137 90.00000000
93.70833333 31.45833333       68      137 90.00000000
93.79166667 31.45833333       69      137 45.00000000
93.87500000 31.54166667       70      138 180.00000000
93.87500000 31.45833333       70      137 90.00000000
93.95833333 31.45833333       71      137 0.00000000
93.95833333 31.54166667       71      138 90.00000000
94.04166667 31.54166667       72      138 180.00000000
94.04166667 31.45833333       72      137 90.00000000
94.12500000 31.45833333       73      137 90.00000000
94.20833333 31.45833333       74      137 90.00000000
94.29166667 31.45833333       75      137 0.00000000
94.29166667 31.54166667       75      138 135.00000000
94.37500000 31.45833333       76      137 90.00000000
94.45833333 31.45833333       77      137 90.00000000
94.54166667 31.45833333       78      137 90.00000000
94.62500000 31.45833333       79      137 180.00000000
94.62500000 31.37500000       79      136 270.00000000
94.54166667 31.37500000       78      136 180.00000000
94.54166667 31.29166667       78      135 270.00000000
94.45833333 31.29166667       77      135 135.00000000
94.54166667 31.20833333       78      134 90.00000000
94.62500000 31.20833333       79      134 180.00000000
94.62500000 31.12500000       79      133 90.00000000
94.70833333 31.12500000       80      133 180.00000000
94.70833333 31.04166667       80      132 90.00000000
94.79166667 31.04166667       81      132 90.00000000
94.87500000 31.04166667       82      132 0.00000000
94.87500000 31.12500000       82      133 90.00000000
94.95833333 31.12500000       83      133 90.00000000
95.04166667 31.12500000       84      133 90.00000000
95.12500000 31.12500000       85      133 90.00000000
95.20833333 31.12500000       86      133 90.00000000
95.29166667 31.12500000       87      133 90.00000000
95.37500000 31.12500000       88      133 90.00000000
95.45833333 31.12500000       89      133 180.00000000
95.45833333 31.04166667       89      132 90.00000000
95.54166667 31.04166667       90      132 180.00000000
95.54166667 30.95833333       90      131 135.00000000
95.62500000 30.87500000       91      130 90.00000000
95.70833333 30.87500000       92      130 90.00000000
95.79166667 30.87500000       93      130 0.00000000
95.79166667 30.95833333       93      131 90.00000000
95.87500000 30.95833333       94      131 90.00000000
95.95833333 30.95833333       95      131 180.00000000
95.95833333 30.87500000       95      130 90.00000000
96.04166667 30.87500000       96      130 90.00000000
96.12500000 30.87500000       97      130 90.00000000
96.20833333 30.87500000       98      130 90.00000000
96.29166667 30.87500000       99      130 180.00000000
96.29166667 30.79166667       99      129 90.00000000
96.37500000 30.79166667      100      129 180.00000000
96.37500000 30.70833333      100      128 90.00000000
96.45833333 30.70833333      101      128 180.00000000
96.45833333 30.62500000      101      127 180.00000000
96.45833333 30.54166667      101      126 135.00000000
96.54166667 30.45833333      102      125 90.00000000
96.62500000 30.45833333      103      125 90.00000000
96.70833333 30.45833333      104      125 180.00000000
96.70833333 30.37500000      104      124 180.00000000
96.70833333 30.29166667      104      123 135.00000000
96.79166667 30.20833333      105      122 0.00000000
96.79166667 30.29166667      105      123 135.00000000
96.87500000 30.20833333      106      122 90.00000000
96.95833333 30.20833333      107      122 90.00000000
97.04166667 30.20833333      108      122 90.00000000
97.12500000 30.20833333      109      122 180.00000000
97.12500000 30.12500000      109      121 90.00000000
97.20833333 30.12500000      110      121 180.00000000
97.20833333 30.04166667      110      120 90.00000000
97.29166667 30.04166667      111      120 180.00000000
97.29166667 29.95833333      111      119 90.00000000
97.37500000 29.95833333      112      119 180.00000000
97.37500000 29.87500000      112      118 90.00000000
97.45833333 29.87500000      113      118 180.00000000
97.45833333 29.79166667      113      117 180.00000000
97.45833333 29.70833333      113      116 180.00000000
97.45833333 29.62500000      113      115 90.00000000
97.54166667 29.62500000      114      115 180.00000000
97.54166667 29.54166667      114      114 90.00000000
97.62500000 29.54166667      115      114 180.00000000
97.62500000 29.45833333      115      113 90.00000000
97.70833333 29.45833333      116      113 180.00000000
97.70833333 29.37500000      116      112 90.00000000
97.79166667 29.37500000      117      112 90.00000000
97.87500000 29.37500000      118      112 180.00000000
97.87500000 29.29166667      118      111 90.00000000
97.95833333 29.29166667      119      111 180.00000000
97.95833333 29.20833333      119      110 180.00000000
97.95833333 29.12500000      119      109 90.00000000
98.04166667 29.12500000      120      109 180.00000000
98.04166667 29.04166667      120      108 90.00000000
98.12500000 29.04166667      121      108 180.00000000
98.12500000 28.95833333      121      107 180.00000000
98.12500000 28.87500000      121      106 135.00000000
98.20833333 28.79166667      122      105 90.00000000
98.29166667 28.79166667      123      105 180.00000000
98.29166667 28.70833333      123      104 90.00000000
98.37500000 28.70833333      124      104 180.00000000
98.37500000 28.62500000      124      103 180.00000000
98.37500000 28.54166667      124      102 180.00000000
98.37500000 28.45833333      124      101 90.00000000
98.45833333 28.45833333      125      101 180.00000000
98.45833333 28.37500000      125      100 180.00000000
98.45833333 28.29166667      125       99 180.00000000
98.45833333 28.20833333      125       98 180.00000000
98.45833333 28.12500000      125       97 90.00000000
98.54166667 28.12500000      126       97 180.00000000
98.54166667 28.04166667      126       96 90.00000000
98.62500000 28.04166667      127       96 180.00000000
98.62500000 27.95833333      127       95 180.00000000
98.62500000 27.87500000      127       94 90.00000000
98.70833333 27.87500000      128       94 180.00000000
98.70833333 27.79166667      128       93 180.00000000
98.70833333 27.70833333      128       92 180.00000000
98.70833333 27.62500000      128       91 90.00000000
98.79166667 27.62500000      129       91 180.00000000
98.79166667 27.54166667      129       90 180.00000000
98.79166667 27.45833333      129       89 90.00000000
98.87500000 27.45833333      130       89 225.00000000
98.79166667 27.37500000      129       88 90.00000000
98.87500000 27.37500000      130       88 180.00000000
98.87500000 27.29166667      130       87 180.00000000
98.87500000 27.20833333      130       86 180.00000000
98.87500000 27.12500000      130       85 180.00000000
98.87500000 27.04166667      130       84 180.00000000
98.87500000 26.95833333      130       83 180.00000000
98.87500000 26.87500000      130       82 180.00000000
98.87500000 26.79166667      130       81 180.00000000
98.87500000 26.70833333      130       80 180.00000000
98.87500000 26.62500000      130       79 180.00000000
98.87500000 26.54166667      130       78 180.00000000
98.87500000 26.45833333      130       77 180.00000000
98.87500000 26.37500000      130       76 180.00000000
98.87500000 26.29166667      130       75 180.00000000
98.87500000 26.20833333      130       74 180.00000000
98.87500000 26.12500000      130       73 180.00000000
98.87500000 26.04166667      130       72 180.00000000
98.87500000 25.95833333      130       71 270.00000000
98.79166667 25.95833333      129       71 135.00000000
98.87500000 25.87500000      130       70 180.00000000
98.87500000 25.79166667      130       69 180.00000000
98.87500000 25.70833333      130       68 180.00000000
98.87500000 25.62500000      130       67 180.00000000
98.87500000 25.54166667      130       66 180.00000000
98.87500000 25.45833333      130       65 180.00000000
98.87500000 25.37500000      130       64 180.00000000
98.87500000 25.29166667      130       63 180.00000000
98.87500000 25.20833333      130       62 180.00000000
98.87500000 25.12500000      130       61 180.00000000
98.87500000 25.04166667      130       60 180.00000000
98.87500000 24.95833333      130       59 180.00000000
98.87500000 24.87500000      130       58 90.00000000
98.95833333 24.87500000      131       58 180.00000000
98.95833333 24.79166667      131       57 180.00000000
98.95833333 24.70833333      131       56 90.00000000
99.04166667 24.70833333      132       56 180.00000000
99.04166667 24.62500000      132       55 180.00000000
99.04166667 24.54166667      132       54 180.00000000
99.04166667 24.45833333      132       53 270.00000000
98.95833333 24.45833333      131       53 180.00000000
98.95833333 24.37500000      131       52 90.00000000
99.04166667 24.37500000      132       52 180.00000000
99.04166667 24.29166667      132       51 180.00000000
99.04166667 24.20833333      132       50 270.00000000
98.95833333 24.20833333      131       50 270.00000000
98.87500000 24.20833333      130       50 180.00000000
98.87500000 24.12500000      130       49 270.00000000
98.79166667 24.12500000      129       49 270.00000000
98.70833333 24.12500000      128       49 270.00000000
98.62500000 24.12500000      127       49 180.00000000
98.62500000 24.04166667      127       48 270.00000000
98.54166667 24.04166667      126       48 270.00000000
98.45833333 24.04166667      125       48 180.00000000
98.45833333 23.95833333      125       47 270.00000000
98.37500000 23.95833333      124       47 135.00000000
98.45833333 23.87500000      125       46 180.00000000
98.45833333 23.79166667      125       45 90.00000000
98.54166667 23.79166667      126       45 180.00000000
98.54166667 23.70833333      126       44 90.00000000
98.62500000 23.70833333      127       44 180.00000000
98.62500000 23.62500000      127       43 180.00000000
98.62500000 23.54166667      127       42 180.00000000
98.62500000 23.45833333      127       41 180.00000000
98.62500000 23.37500000      127       40 90.00000000
98.70833333 23.37500000      128       40 180.00000000
98.70833333 23.29166667      128       39 180.00000000
98.70833333 23.20833333      128       38 270.00000000
98.62500000 23.20833333      127       38 270.00000000
98.54166667 23.20833333      126       38 270.00000000
98.45833333 23.20833333      125       38 180.00000000
98.45833333 23.12500000      125       37 90.00000000
98.54166667 23.12500000      126       37 180.00000000
98.54166667 23.04166667      126       36 270.00000000
98.45833333 23.04166667      125       36 180.00000000
98.45833333 22.95833333      125       35 90.00000000
98.54166667 22.95833333      126       35 135.00000000
98.62500000 22.87500000      127       34 180.00000000
98.62500000 22.79166667      127       33 270.00000000
98.54166667 22.79166667      126       33 180.00000000
98.54166667 22.70833333      126       32 180.00000000
98.54166667 22.62500000      126       31 90.00000000
98.62500000 22.62500000      127       31 180.00000000
98.62500000 22.54166667      127       30 180.00000000
98.62500000 22.45833333      127       29 180.00000000
98.62500000 22.37500000      127       28 270.00000000
98.54166667 22.37500000      126       28 180.00000000
98.54166667 22.29166667      126       27 135.00000000
98.62500000 22.20833333      127       26 180.00000000
98.62500000 22.12500000      127       25 90.00000000
98.70833333 22.12500000      128       25 180.00000000
98.70833333 22.04166667      128       24 180.00000000
98.70833333 21.95833333      128       23 270.00000000
98.62500000 21.95833333      127       23 180.00000000
98.62500000 21.87500000      127       22 270.00000000
98.54166667 21.87500000      126       22 180.00000000
98.54166667 21.79166667      126       21 180.00000000
98.54166667 21.70833333      126       20 90.00000000
98.62500000 21.70833333      127       20 180.00000000
98.62500000 21.62500000      127       19 180.00000000
98.62500000 21.54166667      127       18 270.00000000
98.54166667 21.54166667      126       18 135.00000000
98.62500000 21.45833333      127       17 180.00000000
98.62500000 21.37500000      127       16 90.00000000
98.70833333 21.37500000      128       16 180.00000000
98.70833333 21.29166667      128       15 180.00000000
98.70833333 21.20833333      128       14 180.00000000
98.70833333 21.12500000      128       13 90.00000000
98.79166667 21.12500000      129       13 180.00000000
98.79166667 21.04166667      129       12 225.00000000
98.70833333 20.95833333      128       11 270.00000000
98.62500000 20.95833333      127       11 270.00000000
98.54166667 20.95833333      126       11 180.00000000
98.54166667 20.87500000      126       10 270.00000000
98.45833333 20.87500000      125       10 180.00000000
98.45833333 20.79166667      125        9 135.00000000
98.54166667 20.70833333      126        8 180.00000000
98.54166667 20.62500000      126        7 90.00000000
98.62500000 20.62500000      127        7 180.00000000
98.62500000 20.54166667      127        6 180.00000000
98.62500000 20.45833333      127        5 180.00000000
98.62500000 20.37500000      127        4 180.00000000
98.62500000 20.29166667      127        3 90.00000000
98.70833333 20.29166667      128        3 180.00000000
98.70833333 20.20833333      128        2 270.00000000
98.62500000 20.20833333      127        2 180.00000000
98.62500000 20.12500000      127        1 270.00000000
98.54166667 20.12500000      126        1 225.00000000
98.45833333 20.04166667      125        0 90.00000000
98.54166667 20.04166667      126        0 0.00000000
