91.69166667 32.19166667 22.10325155
91.67500000 32.19166667 22.08658488
91.65833333 32.19166667 22.06991822
91.64166667 32.17500000 22.04634799
91.62500000 32.17500000 22.02968132
91.60833333 32.15833333 22.00611110
91.59166667 32.15833333 21.98944443
91.57500000 32.14166667 21.96587420
91.55833333 32.12500000 21.94230398
91.54166667 32.10833333 21.91873375
91.52500000 32.09166667 21.89516353
91.52500000 32.07500000 21.87849686
91.52500000 32.05833333 21.86183019
91.52500000 32.04166667 21.84516353
91.52500000 32.02500000 21.82849686
91.52500000 32.00833333 21.81183019
91.52500000 31.99166667 21.79516353
91.52500000 31.97500000 21.77849686
91.52500000 31.95833333 21.76183019
91.54166667 31.94166667 21.73825997
91.55833333 31.92500000 21.71468974
91.55833333 31.90833333 21.69802307
91.55833333 31.89166667 21.68135641
91.55833333 31.87500000 21.66468974
91.55833333 31.85833333 21.64802307
91.55833333 31.84166667 21.63135641
91.57500000 31.82500000 21.60778618
91.57500000 31.80833333 21.59111951
91.57500000 31.79166667 21.57445285
91.57500000 31.77500000 21.55778618
91.59166667 31.75833333 21.53421596
91.60833333 31.74166667 21.51064573
91.62500000 31.72500000 21.48707550
91.64166667 31.70833333 21.46350528
91.65833333 31.69166667 21.43993505
91.67500000 31.69166667 21.42326838
91.69166667 31.67500000 21.39969816
91.70833333 31.65833333 21.37612793
91.72500000 31.67500000 21.35255771
91.74166667 31.67500000 21.33589104
91.75833333 31.67500000 21.31922437
91.77500000 31.65833333 21.29565415
91.77500000 31.64166667 21.27898748
91.75833333 31.62500000 21.25541725
91.75833333 31.60833333 21.23875059
91.77500000 31.59166667 21.21518036
91.79166667 31.57500000 21.19161014
91.80833333 31.55833333 21.16803991
91.80833333 31.54166667 21.15137324
91.82500000 31.52500000 21.12780302
91.84166667 31.50833333 21.10423279
91.84166667 31.49166667 21.08756612
91.82500000 31.47500000 21.06399590
91.80833333 31.45833333 21.04042567
91.80833333 31.44166667 21.02375901
91.82500000 31.42500000 21.00018878
91.84166667 31.40833333 20.97661855
91.84166667 31.39166667 20.95995189
91.85833333 31.37500000 20.93638166
91.87500000 31.37500000 20.91971499
91.89166667 31.37500000 20.90304833
91.90833333 31.37500000 20.88638166
91.92500000 31.37500000 20.86971499
91.94166667 31.39166667 20.84614477
91.95833333 31.40833333 20.82257454
91.97500000 31.42500000 20.79900432
91.99166667 31.42500000 20.78233765
92.00833333 31.42500000 20.76567098
92.02500000 31.40833333 20.74210076
92.04166667 31.40833333 20.72543409
92.05833333 31.39166667 20.70186386
92.05833333 31.37500000 20.68519720
92.04166667 31.35833333 20.66162697
92.05833333 31.34166667 20.63805674
92.07500000 31.32500000 20.61448652
92.09166667 31.30833333 20.59091629
92.10833333 31.29166667 20.56734607
92.12500000 31.27500000 20.54377584
92.14166667 31.29166667 20.52020561
92.15833333 31.27500000 20.49663539
92.17500000 31.27500000 20.47996872
92.19166667 31.27500000 20.46330206
92.20833333 31.27500000 20.44663539
92.22500000 31.27500000 20.42996872
92.24166667 31.29166667 20.40639850
92.25833333 31.29166667 20.38973183
92.27500000 31.30833333 20.36616160
92.29166667 31.32500000 20.34259138
92.30833333 31.34166667 20.31902115
92.32500000 31.35833333 20.29545093
92.34166667 31.37500000 20.27188070
92.34166667 31.39166667 20.25521403
92.34166667 31.40833333 20.23854737
92.34166667 31.42500000 20.22188070
92.34166667 31.44166667 20.20521403
92.35833333 31.45833333 20.18164381
92.37500000 31.45833333 20.16497714
92.39166667 31.44166667 20.14140691
92.40833333 31.44166667 20.12474025
92.42500000 31.44166667 20.10807358
92.44166667 31.45833333 20.08450335
92.45833333 31.44166667 20.06093313
92.47500000 31.45833333 20.03736290
92.49166667 31.47500000 20.01379268
92.50833333 31.45833333 19.99022245
92.52500000 31.47500000 19.96665222
92.54166667 31.49166667 19.94308200
92.55833333 31.49166667 19.92641533
92.57500000 31.49166667 19.90974866
92.59166667 31.49166667 19.89308200
92.60833333 31.49166667 19.87641533
92.62500000 31.49166667 19.85974866
92.64166667 31.50833333 19.83617844
92.65833333 31.50833333 19.81951177
92.67500000 31.50833333 19.80284511
92.69166667 31.50833333 19.78617844
92.70833333 31.52500000 19.76260821
92.72500000 31.52500000 19.74594155
92.74166667 31.52500000 19.72927488
92.75833333 31.52500000 19.71260821
92.77500000 31.52500000 19.69594155
92.79166667 31.50833333 19.67237132
92.80833333 31.52500000 19.64880109
92.82500000 31.54166667 19.62523087
92.84166667 31.54166667 19.60856420
92.85833333 31.54166667 19.59189753
92.87500000 31.55833333 19.56832731
92.89166667 31.54166667 19.54475708
92.90833333 31.55833333 19.52118686
92.92500000 31.55833333 19.50452019
92.94166667 31.54166667 19.48094996
92.95833333 31.54166667 19.46428330
92.97500000 31.54166667 19.44761663
92.99166667 31.54166667 19.43094996
93.00833333 31.54166667 19.41428330
93.02500000 31.55833333 19.39071307
93.04166667 31.57500000 19.36714285
93.05833333 31.55833333 19.34357262
93.07500000 31.54166667 19.32000239
93.09166667 31.54166667 19.30333573
93.10833333 31.52500000 19.27976550
93.12500000 31.54166667 19.25619527
93.14166667 31.54166667 19.23952861
93.15833333 31.54166667 19.22286194
93.17500000 31.54166667 19.20619527
93.19166667 31.52500000 19.18262505
93.20833333 31.52500000 19.16595838
93.22500000 31.52500000 19.14929171
93.24166667 31.52500000 19.13262505
93.25833333 31.52500000 19.11595838
93.27500000 31.52500000 19.09929171
93.29166667 31.52500000 19.08262505
93.30833333 31.52500000 19.06595838
93.32500000 31.52500000 19.04929171
93.34166667 31.52500000 19.03262505
93.35833333 31.52500000 19.01595838
93.37500000 31.52500000 18.99929171
93.39166667 31.52500000 18.98262505
93.40833333 31.52500000 18.96595838
93.42500000 31.52500000 18.94929171
93.44166667 31.52500000 18.93262505
93.45833333 31.52500000 18.91595838
93.47500000 31.50833333 18.89238816
93.49166667 31.52500000 18.86881793
93.50833333 31.50833333 18.84524770
93.52500000 31.50833333 18.82858104
93.54166667 31.50833333 18.81191437
93.55833333 31.50833333 18.79524770
93.57500000 31.49166667 18.77167748
93.59166667 31.49166667 18.75501081
93.60833333 31.49166667 18.73834414
93.62500000 31.49166667 18.72167748
93.64166667 31.47500000 18.69810725
93.65833333 31.47500000 18.68144058
93.67500000 31.49166667 18.65787036
93.69166667 31.47500000 18.63430013
93.70833333 31.47500000 18.61763347
93.72500000 31.47500000 18.60096680
93.74166667 31.47500000 18.58430013
93.75833333 31.49166667 18.56072991
93.77500000 31.49166667 18.54406324
93.79166667 31.49166667 18.52739657
93.80833333 31.49166667 18.51072991
93.82500000 31.50833333 18.48715968
93.84166667 31.52500000 18.46358945
93.85833333 31.50833333 18.44001923
93.87500000 31.50833333 18.42335256
93.89166667 31.50833333 18.40668590
93.90833333 31.50833333 18.39001923
93.92500000 31.50833333 18.37335256
93.94166667 31.52500000 18.34978234
93.95833333 31.52500000 18.33311567
93.97500000 31.52500000 18.31644900
93.99166667 31.54166667 18.29287878
94.00833333 31.54166667 18.27621211
94.02500000 31.52500000 18.25264188
94.04166667 31.52500000 18.23597522
94.05833333 31.52500000 18.21930855
94.07500000 31.50833333 18.19573832
94.09166667 31.50833333 18.17907166
94.10833333 31.50833333 18.16240499
94.12500000 31.50833333 18.14573832
94.14166667 31.49166667 18.12216810
94.15833333 31.47500000 18.09859787
94.17500000 31.47500000 18.08193121
94.19166667 31.47500000 18.06526454
94.20833333 31.47500000 18.04859787
94.22500000 31.49166667 18.02502765
94.24166667 31.49166667 18.00836098
94.25833333 31.50833333 17.98479075
94.27500000 31.52500000 17.96122053
94.29166667 31.50833333 17.93765030
94.29166667 31.49166667 17.92098363
94.29166667 31.47500000 17.90431697
94.30833333 31.45833333 17.88074674
94.32500000 31.45833333 17.86408008
94.34166667 31.45833333 17.84741341
94.35833333 31.45833333 17.83074674
94.37500000 31.45833333 17.81408008
94.39166667 31.47500000 17.79050985
94.40833333 31.47500000 17.77384318
94.42500000 31.47500000 17.75717652
94.44166667 31.47500000 17.74050985
94.45833333 31.47500000 17.72384318
94.47500000 31.49166667 17.70027296
94.49166667 31.47500000 17.67670273
94.50833333 31.45833333 17.65313250
94.52500000 31.45833333 17.63646584
94.54166667 31.45833333 17.61979917
94.55833333 31.45833333 17.60313250
94.57500000 31.45833333 17.58646584
94.59166667 31.44166667 17.56289561
94.60833333 31.42500000 17.53932539
94.60833333 31.40833333 17.52265872
94.59166667 31.39166667 17.49908849
94.57500000 31.37500000 17.47551827
94.57500000 31.35833333 17.45885160
94.57500000 31.34166667 17.44218493
94.57500000 31.32500000 17.42551827
94.55833333 31.30833333 17.40194804
94.54166667 31.30833333 17.38528137
94.52500000 31.30833333 17.36861471
94.50833333 31.29166667 17.34504448
94.49166667 31.27500000 17.32147426
94.50833333 31.25833333 17.29790403
94.52500000 31.25833333 17.28123736
94.54166667 31.25833333 17.26457070
94.55833333 31.25833333 17.24790403
94.57500000 31.24166667 17.22433380
94.59166667 31.24166667 17.20766714
94.60833333 31.22500000 17.18409691
94.62500000 31.20833333 17.16052668
94.64166667 31.19166667 17.13695646
94.64166667 31.17500000 17.12028979
94.64166667 31.15833333 17.10362313
94.65833333 31.14166667 17.08005290
94.67500000 31.12500000 17.05648267
94.67500000 31.10833333 17.03981601
94.69166667 31.09166667 17.01624578
94.70833333 31.07500000 16.99267555
94.72500000 31.07500000 16.97600889
94.74166667 31.07500000 16.95934222
94.75833333 31.07500000 16.94267555
94.77500000 31.07500000 16.92600889
94.79166667 31.07500000 16.90934222
94.80833333 31.09166667 16.88577200
94.82500000 31.09166667 16.86910533
94.84166667 31.09166667 16.85243866
94.85833333 31.10833333 16.82886844
94.87500000 31.12500000 16.80529821
94.89166667 31.12500000 16.78863154
94.90833333 31.12500000 16.77196488
94.92500000 31.12500000 16.75529821
94.94166667 31.14166667 16.73172798
94.95833333 31.15833333 16.70815776
94.97500000 31.14166667 16.68458753
94.99166667 31.14166667 16.66792086
95.00833333 31.15833333 16.64435064
95.02500000 31.15833333 16.62768397
95.04166667 31.15833333 16.61101731
95.05833333 31.15833333 16.59435064
95.07500000 31.15833333 16.57768397
95.09166667 31.15833333 16.56101731
95.10833333 31.17500000 16.53744708
95.12500000 31.17500000 16.52078041
95.14166667 31.15833333 16.49721019
95.15833333 31.15833333 16.48054352
95.17500000 31.15833333 16.46387685
95.19166667 31.15833333 16.44721019
95.20833333 31.15833333 16.43054352
95.22500000 31.15833333 16.41387685
95.24166667 31.15833333 16.39721019
95.25833333 31.15833333 16.38054352
95.27500000 31.15833333 16.36387685
95.29166667 31.15833333 16.34721019
95.30833333 31.15833333 16.33054352
95.32500000 31.14166667 16.30697329
95.34166667 31.14166667 16.29030663
95.35833333 31.14166667 16.27363996
95.37500000 31.14166667 16.25697329
95.39166667 31.12500000 16.23340307
95.40833333 31.10833333 16.20983284
95.42500000 31.10833333 16.19316618
95.44166667 31.10833333 16.17649951
95.45833333 31.09166667 16.15292928
95.47500000 31.07500000 16.12935906
95.49166667 31.05833333 16.10578883
95.50833333 31.04166667 16.08221860
95.50833333 31.02500000 16.06555194
95.50833333 31.00833333 16.04888527
95.52500000 30.99166667 16.02531505
95.54166667 30.97500000 16.00174482
95.55833333 30.95833333 15.97817459
95.57500000 30.94166667 15.95460437
95.59166667 30.92500000 15.93103414
95.60833333 30.90833333 15.90746391
95.62500000 30.90833333 15.89079725
95.64166667 30.89166667 15.86722702
95.65833333 30.89166667 15.85056036
95.67500000 30.87500000 15.82699013
95.69166667 30.87500000 15.81032346
95.70833333 30.87500000 15.79365680
95.72500000 30.89166667 15.77008657
95.74166667 30.90833333 15.74651634
95.75833333 30.92500000 15.72294612
95.77500000 30.94166667 15.69937589
95.79166667 30.95833333 15.67580567
95.80833333 30.95833333 15.65913900
95.82500000 30.97500000 15.63556877
95.84166667 30.99166667 15.61199855
95.85833333 30.97500000 15.58842832
95.87500000 30.95833333 15.56485810
95.89166667 30.95833333 15.54819143
95.90833333 30.94166667 15.52462120
95.92500000 30.94166667 15.50795454
95.94166667 30.94166667 15.49128787
95.95833333 30.94166667 15.47462120
95.97500000 30.92500000 15.45105098
95.99166667 30.92500000 15.43438431
96.00833333 30.92500000 15.41771764
96.02500000 30.92500000 15.40105098
96.04166667 30.92500000 15.38438431
96.05833333 30.92500000 15.36771764
96.07500000 30.92500000 15.35105098
96.09166667 30.90833333 15.32748075
96.10833333 30.89166667 15.30391052
96.12500000 30.89166667 15.28724386
96.14166667 30.89166667 15.27057719
96.15833333 30.89166667 15.25391052
96.17500000 30.89166667 15.23724386
96.19166667 30.87500000 15.21367363
96.20833333 30.87500000 15.19700696
96.22500000 30.87500000 15.18034030
96.24166667 30.87500000 15.16367363
96.25833333 30.87500000 15.14700696
96.27500000 30.85833333 15.12343674
96.29166667 30.84166667 15.09986651
96.30833333 30.82500000 15.07629629
96.32500000 30.82500000 15.05962962
96.34166667 30.80833333 15.03605939
96.35833333 30.79166667 15.01248917
96.37500000 30.77500000 14.98891894
96.39166667 30.75833333 14.96534872
96.40833333 30.74166667 14.94177849
96.40833333 30.72500000 14.92511182
96.40833333 30.70833333 14.90844516
96.42500000 30.69166667 14.88487493
96.44166667 30.67500000 14.86130470
96.42500000 30.65833333 14.83773448
96.42500000 30.64166667 14.82106781
96.44166667 30.62500000 14.79749759
96.44166667 30.60833333 14.78083092
96.44166667 30.59166667 14.76416425
96.45833333 30.57500000 14.74059403
96.47500000 30.55833333 14.71702380
96.47500000 30.54166667 14.70035713
96.49166667 30.52500000 14.67678691
96.50833333 30.50833333 14.65321668
96.50833333 30.49166667 14.63655002
96.52500000 30.47500000 14.61297979
96.54166667 30.45833333 14.58940956
96.55833333 30.44166667 14.56583934
96.57500000 30.44166667 14.54917267
96.59166667 30.44166667 14.53250600
96.60833333 30.45833333 14.50893578
96.62500000 30.45833333 14.49226911
96.64166667 30.45833333 14.47560244
96.65833333 30.47500000 14.45203222
96.67500000 30.47500000 14.43536555
96.67500000 30.45833333 14.41869888
96.69166667 30.45833333 14.40203222
96.70833333 30.44166667 14.37846199
96.70833333 30.42500000 14.36179533
96.70833333 30.40833333 14.34512866
96.70833333 30.39166667 14.32846199
96.69166667 30.37500000 14.30489177
96.70833333 30.35833333 14.28132154
96.72500000 30.34166667 14.25775131
96.72500000 30.32500000 14.24108465
96.72500000 30.30833333 14.22441798
96.74166667 30.29166667 14.20084775
96.74166667 30.27500000 14.18418109
96.75833333 30.25833333 14.16061086
96.77500000 30.25833333 14.14394420
96.79166667 30.27500000 14.12037397
96.80833333 30.25833333 14.09680374
96.82500000 30.25833333 14.08013708
96.84166667 30.25833333 14.06347041
96.85833333 30.25833333 14.04680374
96.87500000 30.25833333 14.03013708
96.89166667 30.25833333 14.01347041
96.90833333 30.24166667 13.98990018
96.92500000 30.22500000 13.96632996
96.94166667 30.22500000 13.94966329
96.95833333 30.20833333 13.92609307
96.97500000 30.19166667 13.90252284
96.99166667 30.19166667 13.88585617
97.00833333 30.19166667 13.86918951
97.02500000 30.19166667 13.85252284
97.04166667 30.19166667 13.83585617
97.05833333 30.19166667 13.81918951
97.07500000 30.19166667 13.80252284
97.09166667 30.19166667 13.78585617
97.10833333 30.17500000 13.76228595
97.12500000 30.15833333 13.73871572
97.14166667 30.15833333 13.72204905
97.15833333 30.14166667 13.69847883
97.17500000 30.14166667 13.68181216
97.19166667 30.12500000 13.65824193
97.20833333 30.10833333 13.63467171
97.22500000 30.09166667 13.61110148
97.24166667 30.09166667 13.59443482
97.25833333 30.07500000 13.57086459
97.27500000 30.07500000 13.55419792
97.29166667 30.07500000 13.53753126
97.30833333 30.05833333 13.51396103
97.32500000 30.04166667 13.49039080
97.32500000 30.02500000 13.47372414
97.32500000 30.00833333 13.45705747
97.34166667 29.99166667 13.43348725
97.35833333 29.97500000 13.40991702
97.35833333 29.95833333 13.39325035
97.35833333 29.94166667 13.37658369
97.37500000 29.92500000 13.35301346
97.39166667 29.90833333 13.32944323
97.39166667 29.89166667 13.31277657
97.40833333 29.87500000 13.28920634
97.42500000 29.87500000 13.27253967
97.44166667 29.85833333 13.24896945
97.42500000 29.84166667 13.22539922
97.42500000 29.82500000 13.20873256
97.42500000 29.80833333 13.19206589
97.44166667 29.79166667 13.16849566
97.45833333 29.77500000 13.14492544
97.45833333 29.75833333 13.12825877
97.45833333 29.74166667 13.11159210
97.45833333 29.72500000 13.09492544
97.44166667 29.70833333 13.07135521
97.45833333 29.69166667 13.04778498
97.47500000 29.67500000 13.02421476
97.49166667 29.65833333 13.00064453
97.50833333 29.64166667 12.97707431
97.52500000 29.62500000 12.95350408
97.52500000 29.60833333 12.93683741
97.54166667 29.59166667 12.91326719
97.55833333 29.57500000 12.88969696
97.57500000 29.55833333 12.86612674
97.59166667 29.54166667 12.84255651
97.59166667 29.52500000 12.82588984
97.59166667 29.50833333 12.80922318
97.60833333 29.49166667 12.78565295
97.62500000 29.47500000 12.76208272
97.64166667 29.47500000 12.74541606
97.65833333 29.47500000 12.72874939
97.67500000 29.45833333 12.70517917
97.69166667 29.45833333 12.68851250
97.70833333 29.45833333 12.67184583
97.72500000 29.44166667 12.64827561
97.74166667 29.42500000 12.62470538
97.75833333 29.42500000 12.60803871
97.77500000 29.40833333 12.58446849
97.79166667 29.40833333 12.56780182
97.80833333 29.39166667 12.54423159
97.82500000 29.39166667 12.52756493
97.84166667 29.39166667 12.51089826
97.85833333 29.37500000 12.48732803
97.87500000 29.35833333 12.46375781
97.89166667 29.34166667 12.44018758
97.90833333 29.32500000 12.41661736
97.92500000 29.30833333 12.39304713
97.94166667 29.29166667 12.36947690
97.95833333 29.27500000 12.34590668
97.95833333 29.25833333 12.32924001
97.97500000 29.24166667 12.30566979
97.97500000 29.22500000 12.28900312
97.97500000 29.20833333 12.27233645
97.97500000 29.19166667 12.25566979
97.99166667 29.17500000 12.23209956
97.99166667 29.15833333 12.21543289
98.00833333 29.14166667 12.19186267
98.00833333 29.12500000 12.17519600
98.02500000 29.10833333 12.15162577
98.04166667 29.09166667 12.12805555
98.04166667 29.07500000 12.11138888
98.05833333 29.05833333 12.08781866
98.05833333 29.04166667 12.07115199
98.07500000 29.02500000 12.04758176
98.09166667 29.02500000 12.03091510
98.10833333 29.02500000 12.01424843
98.10833333 29.00833333 11.99758176
98.10833333 28.99166667 11.98091510
98.10833333 28.97500000 11.96424843
98.10833333 28.95833333 11.94758176
98.12500000 28.94166667 11.92401154
98.14166667 28.92500000 11.90044131
98.15833333 28.90833333 11.87687108
98.15833333 28.89166667 11.86020442
98.15833333 28.87500000 11.84353775
98.17500000 28.85833333 11.81996753
98.19166667 28.84166667 11.79639730
98.19166667 28.82500000 11.77973063
98.20833333 28.80833333 11.75616041
98.22500000 28.80833333 11.73949374
98.24166667 28.80833333 11.72282707
98.25833333 28.80833333 11.70616041
98.27500000 28.79166667 11.68259018
98.29166667 28.77500000 11.65901995
98.30833333 28.75833333 11.63544973
98.32500000 28.74166667 11.61187950
98.34166667 28.72500000 11.58830928
98.35833333 28.70833333 11.56473905
98.37500000 28.69166667 11.54116882
98.37500000 28.67500000 11.52450216
98.37500000 28.65833333 11.50783549
98.37500000 28.64166667 11.49116882
98.39166667 28.62500000 11.46759860
98.39166667 28.60833333 11.45093193
98.39166667 28.59166667 11.43426527
98.39166667 28.57500000 11.41759860
98.39166667 28.55833333 11.40093193
98.39166667 28.54166667 11.38426527
98.40833333 28.52500000 11.36069504
98.40833333 28.50833333 11.34402837
98.42500000 28.49166667 11.32045815
98.44166667 28.49166667 11.30379148
98.45833333 28.49166667 11.28712481
98.47500000 28.47500000 11.26355459
98.47500000 28.45833333 11.24688792
98.47500000 28.44166667 11.23022125
98.47500000 28.42500000 11.21355459
98.47500000 28.40833333 11.19688792
98.47500000 28.39166667 11.18022125
98.47500000 28.37500000 11.16355459
98.49166667 28.35833333 11.13998436
98.49166667 28.34166667 11.12331769
98.49166667 28.32500000 11.10665103
98.49166667 28.30833333 11.08998436
98.49166667 28.29166667 11.07331769
98.49166667 28.27500000 11.05665103
98.49166667 28.25833333 11.03998436
98.49166667 28.24166667 11.02331769
98.49166667 28.22500000 11.00665103
98.49166667 28.20833333 10.98998436
98.49166667 28.19166667 10.97331769
98.50833333 28.17500000 10.94974747
98.49166667 28.15833333 10.92617724
98.50833333 28.14166667 10.90260702
98.50833333 28.12500000 10.88594035
98.52500000 28.10833333 10.86237012
98.54166667 28.09166667 10.83879990
98.55833333 28.09166667 10.82213323
98.57500000 28.09166667 10.80546656
98.59166667 28.09166667 10.78879990
98.59166667 28.07500000 10.77213323
98.60833333 28.05833333 10.74856300
98.60833333 28.04166667 10.73189634
98.62500000 28.02500000 10.70832611
98.64166667 28.02500000 10.69165945
98.65833333 28.00833333 10.66808922
98.67500000 27.99166667 10.64451899
98.67500000 27.97500000 10.62785233
98.67500000 27.95833333 10.61118566
98.67500000 27.94166667 10.59451899
98.67500000 27.92500000 10.57785233
98.67500000 27.90833333 10.56118566
98.69166667 27.89166667 10.53761543
98.69166667 27.87500000 10.52094877
98.70833333 27.85833333 10.49737854
98.70833333 27.84166667 10.48071187
98.70833333 27.82500000 10.46404521
98.70833333 27.80833333 10.44737854
98.70833333 27.79166667 10.43071187
98.69166667 27.77500000 10.40714165
98.69166667 27.75833333 10.39047498
98.69166667 27.74166667 10.37380832
98.70833333 27.72500000 10.35023809
98.72500000 27.70833333 10.32666786
98.72500000 27.69166667 10.31000120
98.74166667 27.67500000 10.28643097
98.74166667 27.65833333 10.26976430
98.74166667 27.64166667 10.25309764
98.75833333 27.62500000 10.22952741
98.77500000 27.62500000 10.21286074
98.79166667 27.60833333 10.18929052
98.79166667 27.59166667 10.17262385
98.80833333 27.57500000 10.14905363
98.82500000 27.57500000 10.13238696
98.84166667 27.55833333 10.10881673
98.84166667 27.54166667 10.09215007
98.84166667 27.52500000 10.07548340
98.84166667 27.50833333 10.05881673
98.84166667 27.49166667 10.04215007
98.84166667 27.47500000 10.02548340
98.85833333 27.45833333 10.00191317
98.84166667 27.44166667 9.97834295
98.84166667 27.42500000 9.96167628
98.84166667 27.40833333 9.94500961
98.84166667 27.39166667 9.92834295
98.85833333 27.37500000 9.90477272
98.85833333 27.35833333 9.88810605
98.87500000 27.34166667 9.86453583
98.87500000 27.32500000 9.84786916
98.89166667 27.30833333 9.82429894
98.89166667 27.29166667 9.80763227
98.89166667 27.27500000 9.79096560
98.90833333 27.25833333 9.76739538
98.90833333 27.24166667 9.75072871
98.90833333 27.22500000 9.73406204
98.90833333 27.20833333 9.71739538
98.89166667 27.19166667 9.69382515
98.89166667 27.17500000 9.67715848
98.89166667 27.15833333 9.66049182
98.89166667 27.14166667 9.64382515
98.89166667 27.12500000 9.62715848
98.89166667 27.10833333 9.61049182
98.89166667 27.09166667 9.59382515
98.89166667 27.07500000 9.57715848
98.89166667 27.05833333 9.56049182
98.89166667 27.04166667 9.54382515
98.89166667 27.02500000 9.52715848
98.87500000 27.00833333 9.50358826
98.87500000 26.99166667 9.48692159
98.87500000 26.97500000 9.47025492
98.87500000 26.95833333 9.45358826
98.87500000 26.94166667 9.43692159
98.89166667 26.92500000 9.41335137
98.89166667 26.90833333 9.39668470
98.89166667 26.89166667 9.38001803
98.89166667 26.87500000 9.36335137
98.89166667 26.85833333 9.34668470
98.89166667 26.84166667 9.33001803
98.90833333 26.82500000 9.30644781
98.89166667 26.80833333 9.28287758
98.90833333 26.79166667 9.25930735
98.90833333 26.77500000 9.24264069
98.90833333 26.75833333 9.22597402
98.90833333 26.74166667 9.20930735
98.90833333 26.72500000 9.19264069
98.90833333 26.70833333 9.17597402
98.90833333 26.69166667 9.15930735
98.90833333 26.67500000 9.14264069
98.92500000 26.65833333 9.11907046
98.92500000 26.64166667 9.10240379
98.92500000 26.62500000 9.08573713
98.92500000 26.60833333 9.06907046
98.92500000 26.59166667 9.05240379
98.92500000 26.57500000 9.03573713
98.92500000 26.55833333 9.01907046
98.90833333 26.54166667 8.99550024
98.90833333 26.52500000 8.97883357
98.90833333 26.50833333 8.96216690
98.90833333 26.49166667 8.94550024
98.90833333 26.47500000 8.92883357
98.90833333 26.45833333 8.91216690
98.90833333 26.44166667 8.89550024
98.90833333 26.42500000 8.87883357
98.90833333 26.40833333 8.86216690
98.90833333 26.39166667 8.84550024
98.90833333 26.37500000 8.82883357
98.90833333 26.35833333 8.81216690
98.89166667 26.34166667 8.78859668
98.87500000 26.32500000 8.76502645
98.87500000 26.30833333 8.74835978
98.89166667 26.29166667 8.72478956
98.89166667 26.27500000 8.70812289
98.89166667 26.25833333 8.69145622
98.89166667 26.24166667 8.67478956
98.89166667 26.22500000 8.65812289
98.87500000 26.20833333 8.63455266
98.87500000 26.19166667 8.61788600
98.87500000 26.17500000 8.60121933
98.87500000 26.15833333 8.58455266
98.89166667 26.14166667 8.56098244
98.87500000 26.12500000 8.53741221
98.87500000 26.10833333 8.52074555
98.87500000 26.09166667 8.50407888
98.87500000 26.07500000 8.48741221
98.87500000 26.05833333 8.47074555
98.87500000 26.04166667 8.45407888
98.85833333 26.02500000 8.43050865
98.85833333 26.00833333 8.41384199
98.85833333 25.99166667 8.39717532
98.85833333 25.97500000 8.38050865
98.85833333 25.95833333 8.36384199
98.84166667 25.94166667 8.34027176
98.84166667 25.92500000 8.32360509
98.85833333 25.90833333 8.30003487
98.85833333 25.89166667 8.28336820
98.85833333 25.87500000 8.26670153
98.87500000 25.85833333 8.24313131
98.87500000 25.84166667 8.22646464
98.87500000 25.82500000 8.20979797
98.87500000 25.80833333 8.19313131
98.87500000 25.79166667 8.17646464
98.87500000 25.77500000 8.15979797
98.87500000 25.75833333 8.14313131
98.89166667 25.74166667 8.11956108
98.89166667 25.72500000 8.10289442
98.89166667 25.70833333 8.08622775
98.89166667 25.69166667 8.06956108
98.89166667 25.67500000 8.05289442
98.89166667 25.65833333 8.03622775
98.89166667 25.64166667 8.01956108
98.89166667 25.62500000 8.00289442
98.89166667 25.60833333 7.98622775
98.89166667 25.59166667 7.96956108
98.89166667 25.57500000 7.95289442
98.89166667 25.55833333 7.93622775
98.89166667 25.54166667 7.91956108
98.89166667 25.52500000 7.90289442
98.89166667 25.50833333 7.88622775
98.89166667 25.49166667 7.86956108
98.89166667 25.47500000 7.85289442
98.89166667 25.45833333 7.83622775
98.89166667 25.44166667 7.81956108
98.89166667 25.42500000 7.80289442
98.89166667 25.40833333 7.78622775
98.89166667 25.39166667 7.76956108
98.87500000 25.37500000 7.74599086
98.87500000 25.35833333 7.72932419
98.87500000 25.34166667 7.71265752
98.87500000 25.32500000 7.69599086
98.85833333 25.30833333 7.67242063
98.85833333 25.29166667 7.65575396
98.85833333 25.27500000 7.63908730
98.85833333 25.25833333 7.62242063
98.85833333 25.24166667 7.60575396
98.85833333 25.22500000 7.58908730
98.85833333 25.20833333 7.57242063
98.85833333 25.19166667 7.55575396
98.85833333 25.17500000 7.53908730
98.85833333 25.15833333 7.52242063
98.85833333 25.14166667 7.50575396
98.85833333 25.12500000 7.48908730
98.85833333 25.10833333 7.47242063
98.85833333 25.09166667 7.45575396
98.85833333 25.07500000 7.43908730
98.85833333 25.05833333 7.42242063
98.87500000 25.04166667 7.39885040
98.87500000 25.02500000 7.38218374
98.87500000 25.00833333 7.36551707
98.89166667 24.99166667 7.34194684
98.90833333 24.97500000 7.31837662
98.92500000 24.95833333 7.29480639
98.92500000 24.94166667 7.27813973
98.92500000 24.92500000 7.26147306
98.92500000 24.90833333 7.24480639
98.92500000 24.89166667 7.22813973
98.92500000 24.87500000 7.21147306
98.94166667 24.85833333 7.18790283
98.94166667 24.84166667 7.17123617
98.94166667 24.82500000 7.15456950
98.95833333 24.80833333 7.13099927
98.95833333 24.79166667 7.11433261
98.97500000 24.77500000 7.09076238
98.97500000 24.75833333 7.07409571
98.99166667 24.74166667 7.05052549
99.00833333 24.72500000 7.02695526
99.02500000 24.70833333 7.00338504
99.04166667 24.70833333 6.98671837
99.05833333 24.69166667 6.96314814
99.05833333 24.67500000 6.94648148
99.05833333 24.65833333 6.92981481
99.05833333 24.64166667 6.91314814
99.07500000 24.62500000 6.88957792
99.07500000 24.60833333 6.87291125
99.05833333 24.59166667 6.84934102
99.05833333 24.57500000 6.83267436
99.05833333 24.55833333 6.81600769
99.05833333 24.54166667 6.79934102
99.04166667 24.52500000 6.77577080
99.04166667 24.50833333 6.75910413
99.04166667 24.49166667 6.74243747
99.04166667 24.47500000 6.72577080
99.02500000 24.45833333 6.70220057
99.00833333 24.44166667 6.67863035
98.99166667 24.42500000 6.65506012
99.00833333 24.40833333 6.63148989
99.02500000 24.40833333 6.61482323
99.04166667 24.40833333 6.59815656
99.05833333 24.39166667 6.57458634
99.05833333 24.37500000 6.55791967
99.05833333 24.35833333 6.54125300
99.05833333 24.34166667 6.52458634
99.05833333 24.32500000 6.50791967
99.05833333 24.30833333 6.49125300
99.05833333 24.29166667 6.47458634
99.05833333 24.27500000 6.45791967
99.07500000 24.25833333 6.43434944
99.05833333 24.24166667 6.41077922
99.04166667 24.22500000 6.38720899
99.02500000 24.20833333 6.36363876
99.00833333 24.20833333 6.34697210
98.99166667 24.20833333 6.33030543
98.97500000 24.19166667 6.30673520
98.95833333 24.19166667 6.29006854
98.94166667 24.19166667 6.27340187
98.92500000 24.17500000 6.24983165
98.90833333 24.15833333 6.22626142
98.89166667 24.15833333 6.20959475
98.87500000 24.14166667 6.18602453
98.85833333 24.12500000 6.16245430
98.84166667 24.12500000 6.14578763
98.82500000 24.14166667 6.12221741
98.80833333 24.14166667 6.10555074
98.79166667 24.12500000 6.08198052
98.77500000 24.12500000 6.06531385
98.75833333 24.12500000 6.04864718
98.74166667 24.12500000 6.03198052
98.72500000 24.10833333 6.00841029
98.70833333 24.10833333 5.99174362
98.69166667 24.10833333 5.97507696
98.67500000 24.10833333 5.95841029
98.65833333 24.10833333 5.94174362
98.64166667 24.09166667 5.91817340
98.62500000 24.09166667 5.90150673
98.60833333 24.07500000 5.87793650
98.59166667 24.07500000 5.86126984
98.57500000 24.05833333 5.83769961
98.55833333 24.05833333 5.82103294
98.54166667 24.04166667 5.79746272
98.52500000 24.04166667 5.78079605
98.50833333 24.04166667 5.76412939
98.49166667 24.02500000 5.74055916
98.47500000 24.00833333 5.71698893
98.45833333 24.00833333 5.70032227
98.44166667 23.99166667 5.67675204
98.42500000 23.97500000 5.65318181
98.42500000 23.95833333 5.63651515
98.42500000 23.94166667 5.61984848
98.42500000 23.92500000 5.60318181
98.44166667 23.90833333 5.57961159
98.44166667 23.89166667 5.56294492
98.44166667 23.87500000 5.54627825
98.45833333 23.85833333 5.52270803
98.45833333 23.84166667 5.50604136
98.45833333 23.82500000 5.48937470
98.47500000 23.80833333 5.46580447
98.49166667 23.79166667 5.44223424
98.50833333 23.77500000 5.41866402
98.52500000 23.75833333 5.39509379
98.54166667 23.75833333 5.37842712
98.55833333 23.75833333 5.36176046
98.57500000 23.74166667 5.33819023
98.59166667 23.72500000 5.31462001
98.60833333 23.70833333 5.29104978
98.62500000 23.69166667 5.26747955
98.62500000 23.67500000 5.25081289
98.64166667 23.65833333 5.22724266
98.64166667 23.64166667 5.21057599
98.65833333 23.62500000 5.18700577
98.65833333 23.60833333 5.17033910
98.65833333 23.59166667 5.15367244
98.65833333 23.57500000 5.13700577
98.64166667 23.55833333 5.11343554
98.62500000 23.54166667 5.08986532
98.62500000 23.52500000 5.07319865
98.60833333 23.50833333 5.04962842
98.60833333 23.49166667 5.03296176
98.60833333 23.47500000 5.01629509
98.62500000 23.45833333 4.99272486
98.62500000 23.44166667 4.97605820
98.62500000 23.42500000 4.95939153
98.64166667 23.40833333 4.93582130
98.65833333 23.40833333 4.91915464
98.67500000 23.39166667 4.89558441
98.69166667 23.39166667 4.87891775
98.70833333 23.37500000 4.85534752
98.72500000 23.35833333 4.83177729
98.74166667 23.34166667 4.80820707
98.74166667 23.32500000 4.79154040
98.74166667 23.30833333 4.77487373
98.74166667 23.29166667 4.75820707
98.74166667 23.27500000 4.74154040
98.74166667 23.25833333 4.72487373
98.72500000 23.24166667 4.70130351
98.70833333 23.24166667 4.68463684
98.69166667 23.22500000 4.66106662
98.67500000 23.22500000 4.64439995
98.65833333 23.22500000 4.62773328
98.64166667 23.22500000 4.61106662
98.62500000 23.22500000 4.59439995
98.60833333 23.22500000 4.57773328
98.59166667 23.22500000 4.56106662
98.57500000 23.22500000 4.54439995
98.55833333 23.22500000 4.52773328
98.54166667 23.20833333 4.50416306
98.52500000 23.20833333 4.48749639
98.50833333 23.20833333 4.47082972
98.49166667 23.20833333 4.45416306
98.47500000 23.19166667 4.43059283
98.47500000 23.17500000 4.41392616
98.49166667 23.15833333 4.39035594
98.50833333 23.14166667 4.36678571
98.52500000 23.14166667 4.35011904
98.54166667 23.12500000 4.32654882
98.55833333 23.10833333 4.30297859
98.57500000 23.09166667 4.27940837
98.57500000 23.07500000 4.26274170
98.55833333 23.05833333 4.23917147
98.54166667 23.04166667 4.21560125
98.52500000 23.04166667 4.19893458
98.50833333 23.02500000 4.17536436
98.50833333 23.00833333 4.15869769
98.50833333 22.99166667 4.14203102
98.52500000 22.97500000 4.11846080
98.54166667 22.95833333 4.09489057
98.55833333 22.95833333 4.07822390
98.57500000 22.94166667 4.05465368
98.59166667 22.92500000 4.03108345
98.60833333 22.90833333 4.00751322
98.62500000 22.90833333 3.99084656
98.64166667 22.90833333 3.97417989
98.65833333 22.89166667 3.95060967
98.67500000 22.89166667 3.93394300
98.67500000 22.87500000 3.91727633
98.67500000 22.85833333 3.90060967
98.65833333 22.84166667 3.87703944
98.64166667 22.82500000 3.85346921
98.62500000 22.82500000 3.83680255
98.60833333 22.82500000 3.82013588
98.59166667 22.82500000 3.80346921
98.57500000 22.80833333 3.77989899
98.55833333 22.79166667 3.75632876
98.54166667 22.77500000 3.73275854
98.54166667 22.75833333 3.71609187
98.55833333 22.74166667 3.69252164
98.55833333 22.72500000 3.67585498
98.55833333 22.70833333 3.65918831
98.55833333 22.69166667 3.64252164
98.57500000 22.67500000 3.61895142
98.59166667 22.65833333 3.59538119
98.60833333 22.64166667 3.57181096
98.60833333 22.62500000 3.55514430
98.62500000 22.60833333 3.53157407
98.62500000 22.59166667 3.51490741
98.62500000 22.57500000 3.49824074
98.62500000 22.55833333 3.48157407
98.64166667 22.54166667 3.45800385
98.65833333 22.52500000 3.43443362
98.65833333 22.50833333 3.41776695
98.65833333 22.49166667 3.40110029
98.65833333 22.47500000 3.38443362
98.65833333 22.45833333 3.36776695
98.65833333 22.44166667 3.35110029
98.64166667 22.42500000 3.32753006
98.62500000 22.40833333 3.30395983
98.60833333 22.39166667 3.28038961
98.60833333 22.37500000 3.26372294
98.60833333 22.35833333 3.24705627
98.59166667 22.34166667 3.22348605
98.59166667 22.32500000 3.20681938
98.59166667 22.30833333 3.19015272
98.59166667 22.29166667 3.17348605
98.59166667 22.27500000 3.15681938
98.59166667 22.25833333 3.14015272
98.60833333 22.24166667 3.11658249
98.60833333 22.22500000 3.09991582
98.62500000 22.20833333 3.07634560
98.62500000 22.19166667 3.05967893
98.62500000 22.17500000 3.04301226
98.64166667 22.15833333 3.01944204
98.65833333 22.14166667 2.99587181
98.65833333 22.12500000 2.97920514
98.67500000 22.10833333 2.95563492
98.69166667 22.09166667 2.93206469
98.70833333 22.07500000 2.90849447
98.72500000 22.07500000 2.89182780
98.74166667 22.05833333 2.86825757
98.75833333 22.05833333 2.85159091
98.75833333 22.04166667 2.83492424
98.74166667 22.02500000 2.81135401
98.74166667 22.00833333 2.79468735
98.74166667 21.99166667 2.77802068
98.74166667 21.97500000 2.76135401
98.72500000 21.95833333 2.73778379
98.70833333 21.95833333 2.72111712
98.69166667 21.94166667 2.69754690
98.67500000 21.94166667 2.68088023
98.65833333 21.92500000 2.65731000
98.64166667 21.92500000 2.64064334
98.62500000 21.90833333 2.61707311
98.60833333 21.89166667 2.59350288
98.59166667 21.89166667 2.57683622
98.57500000 21.87500000 2.55326599
98.55833333 21.85833333 2.52969577
98.55833333 21.84166667 2.51302910
98.57500000 21.82500000 2.48945887
98.57500000 21.80833333 2.47279221
98.57500000 21.79166667 2.45612554
98.59166667 21.77500000 2.43255531
98.59166667 21.75833333 2.41588865
98.59166667 21.74166667 2.39922198
98.59166667 21.72500000 2.38255531
98.59166667 21.70833333 2.36588865
98.60833333 21.69166667 2.34231842
98.62500000 21.67500000 2.31874819
98.64166667 21.65833333 2.29517797
98.64166667 21.64166667 2.27851130
98.65833333 21.62500000 2.25494108
98.65833333 21.60833333 2.23827441
98.65833333 21.59166667 2.22160774
98.65833333 21.57500000 2.20494108
98.64166667 21.55833333 2.18137085
98.62500000 21.55833333 2.16470418
98.60833333 21.54166667 2.14113396
98.59166667 21.54166667 2.12446729
98.57500000 21.52500000 2.10089706
98.59166667 21.50833333 2.07732684
98.60833333 21.49166667 2.05375661
98.60833333 21.47500000 2.03708995
98.60833333 21.45833333 2.02042328
98.62500000 21.44166667 1.99685305
98.62500000 21.42500000 1.98018639
98.64166667 21.40833333 1.95661616
98.65833333 21.40833333 1.93994949
98.67500000 21.39166667 1.91637927
98.67500000 21.37500000 1.89971260
98.67500000 21.35833333 1.88304593
98.69166667 21.34166667 1.85947571
98.69166667 21.32500000 1.84280904
98.70833333 21.30833333 1.81923882
98.70833333 21.29166667 1.80257215
98.70833333 21.27500000 1.78590548
98.72500000 21.25833333 1.76233526
98.72500000 21.24166667 1.74566859
98.72500000 21.22500000 1.72900192
98.72500000 21.20833333 1.71233526
98.72500000 21.19166667 1.69566859
98.72500000 21.17500000 1.67900192
98.74166667 21.15833333 1.65543170
98.74166667 21.14166667 1.63876503
98.75833333 21.12500000 1.61519480
98.77500000 21.10833333 1.59162458
98.79166667 21.10833333 1.57495791
98.80833333 21.09166667 1.55138769
98.82500000 21.07500000 1.52781746
98.80833333 21.05833333 1.50424723
98.79166667 21.04166667 1.48067701
98.79166667 21.02500000 1.46401034
98.77500000 21.00833333 1.44044011
98.75833333 20.99166667 1.41686989
98.74166667 20.99166667 1.40020322
98.72500000 20.99166667 1.38353656
98.70833333 20.99166667 1.36686989
98.69166667 20.99166667 1.35020322
98.67500000 20.97500000 1.32663300
98.65833333 20.97500000 1.30996633
98.64166667 20.95833333 1.28639610
98.62500000 20.94166667 1.26282588
98.60833333 20.94166667 1.24615921
98.59166667 20.94166667 1.22949254
98.57500000 20.94166667 1.21282588
98.55833333 20.92500000 1.18925565
98.54166667 20.90833333 1.16568542
98.52500000 20.90833333 1.14901876
98.50833333 20.89166667 1.12544853
98.50833333 20.87500000 1.10878187
98.50833333 20.85833333 1.09211520
98.50833333 20.84166667 1.07544853
98.50833333 20.82500000 1.05878187
98.50833333 20.80833333 1.04211520
98.50833333 20.79166667 1.02544853
98.50833333 20.77500000 1.00878187
98.50833333 20.75833333 0.99211520
98.52500000 20.74166667 0.96854497
98.52500000 20.72500000 0.95187831
98.54166667 20.70833333 0.92830808
98.55833333 20.69166667 0.90473785
98.57500000 20.67500000 0.88116763
98.59166667 20.65833333 0.85759740
98.59166667 20.64166667 0.84093074
98.59166667 20.62500000 0.82426407
98.60833333 20.60833333 0.80069384
98.62500000 20.59166667 0.77712362
98.62500000 20.57500000 0.76045695
98.62500000 20.55833333 0.74379028
98.62500000 20.54166667 0.72712362
98.62500000 20.52500000 0.71045695
98.64166667 20.50833333 0.68688672
98.65833333 20.49166667 0.66331650
98.67500000 20.47500000 0.63974627
98.67500000 20.45833333 0.62307961
98.67500000 20.44166667 0.60641294
98.67500000 20.42500000 0.58974627
98.65833333 20.40833333 0.56617605
98.65833333 20.39166667 0.54950938
98.65833333 20.37500000 0.53284271
98.65833333 20.35833333 0.51617605
98.65833333 20.34166667 0.49950938
98.67500000 20.32500000 0.47593915
98.69166667 20.30833333 0.45236893
98.70833333 20.29166667 0.42879870
98.70833333 20.27500000 0.41213203
98.70833333 20.25833333 0.39546537
98.70833333 20.24166667 0.37879870
98.70833333 20.22500000 0.36213203
98.70833333 20.20833333 0.34546537
98.70833333 20.19166667 0.32879870
98.69166667 20.17500000 0.30522847
98.67500000 20.17500000 0.28856181
98.65833333 20.15833333 0.26499158
98.64166667 20.14166667 0.24142136
98.62500000 20.14166667 0.22475469
98.60833333 20.14166667 0.20808802
98.59166667 20.14166667 0.19142136
98.57500000 20.14166667 0.17475469
98.55833333 20.12500000 0.15118446
98.54166667 20.10833333 0.12761424
98.52500000 20.09166667 0.10404401
98.50833333 20.07500000 0.08047379
98.52500000 20.05833333 0.05690356
98.52500000 20.04166667 0.04023689
98.54166667 20.02500000 0.01666667
98.54166667 20.00833333 0.00000000
