# x;y;z;distance
97.87510417 28.49115451 3744.000 12.593
97.89175694 28.47450521 3726.000 12.569
97.90840972 28.47450521 3683.000 12.553
97.92506250 28.47450521 3564.000 12.536
97.94171528 28.45785590 3584.000 12.513
97.95836806 28.44120660 3481.000 12.489
97.97502083 28.42455729 3562.000 12.465
97.99167361 28.40790799 3411.000 12.442
98.00832639 28.40790799 3319.000 12.425
98.02497917 28.40790799 3453.000 12.409
98.04163194 28.39125868 3239.000 12.385
98.05828472 28.37460937 3417.000 12.362
98.07493750 28.37460937 3244.000 12.345
98.07493750 28.35796007 3092.000 12.328
98.07493750 28.34131076 3079.000 12.312
98.07493750 28.32466146 3198.000 12.295
98.09159028 28.30801215 3127.000 12.271
98.09159028 28.29136285 2985.000 12.255
98.10824306 28.27471354 3091.000 12.231
98.12489583 28.27471354 2963.000 12.215
98.14154861 28.25806424 2730.000 12.191
98.15820139 28.24141493 2843.000 12.167
98.17485417 28.24141493 2784.000 12.151
98.19150694 28.24141493 2850.000 12.134
98.20815972 28.22476562 2620.000 12.111
98.22481250 28.20811632 2691.000 12.087
98.24146528 28.19146701 2515.000 12.063
98.24146528 28.17481771 2702.000 12.047
98.25811806 28.15816840 2461.000 12.023
98.27477083 28.15816840 2466.000 12.007
98.29142361 28.15816840 2324.000 11.990
98.29142361 28.14151910 2342.000 11.973
98.30807639 28.12486979 2249.000 11.950
98.32472917 28.10822049 2156.000 11.926
98.32472917 28.09157118 2095.000 11.910
98.32472917 28.07492187 2097.000 11.893
98.34138194 28.05827257 2191.000 11.869
98.32472917 28.04162326 2012.000 11.846
98.30807639 28.02497396 2002.000 11.822
98.32472917 28.00832465 1902.000 11.799
98.32472917 27.99167535 1917.000 11.782
98.32472917 27.97502604 1890.000 11.765
98.32472917 27.95837674 1892.000 11.749
98.32472917 27.94172743 1992.000 11.732
98.34138194 27.92507812 1912.000 11.709
98.34138194 27.90842882 1807.000 11.692
98.34138194 27.89177951 1770.000 11.675
98.34138194 27.87513021 1730.000 11.659
98.32472917 27.85848090 1875.000 11.635
98.32472917 27.84183160 1666.000 11.618
98.32472917 27.82518229 1723.000 11.602
98.32472917 27.80853299 1679.000 11.585
98.32472917 27.79188368 1729.000 11.569
98.34138194 27.77523437 1764.000 11.545
98.34138194 27.75858507 1604.000 11.528
98.34138194 27.74193576 1670.000 11.512
98.34138194 27.72528646 1646.000 11.495
98.34138194 27.70863715 1540.000 11.478
98.32472917 27.69198785 1550.000 11.455
98.30807639 27.67533854 1520.000 11.431
98.29142361 27.67533854 1556.000 11.415
98.27477083 27.67533854 1491.000 11.398
98.25811806 27.65868924 1469.000 11.374
98.24146528 27.64203993 1309.000 11.351
98.22481250 27.64203993 1333.000 11.334
98.20815972 27.62539062 1360.000 11.311
98.19150694 27.62539062 1420.000 11.294
98.17485417 27.62539062 1351.000 11.277
98.15820139 27.64203993 1381.000 11.254
98.14154861 27.65868924 1232.000 11.230
98.14154861 27.67533854 1176.000 11.214
98.12489583 27.69198785 1307.000 11.190
98.10824306 27.70863715 1108.000 11.167
98.09159028 27.70863715 1208.000 11.150
98.07493750 27.70863715 1336.000 11.133
98.05828472 27.70863715 1265.000 11.117
98.04163194 27.70863715 1218.000 11.100
98.02497917 27.69198785 1096.000 11.076
98.02497917 27.67533854 1069.000 11.060
98.04163194 27.65868924 1094.000 11.036
98.04163194 27.64203993 1125.000 11.020
98.04163194 27.62539062 1149.000 11.003
98.05828472 27.60874132 1184.000 10.979
98.05828472 27.59209201 1069.000 10.963
98.07493750 27.57544271 1108.000 10.939
98.07493750 27.55879340 1068.000 10.922
98.07493750 27.54214410 1084.000 10.906
98.09159028 27.52549479 1036.000 10.882
98.10824306 27.50884549 1171.000 10.859
98.10824306 27.49219618 1148.000 10.842
98.10824306 27.47554687 1091.000 10.825
98.10824306 27.45889757 1098.000 10.809
98.10824306 27.44224826 1102.000 10.792
98.10824306 27.42559896 1079.000 10.775
98.12489583 27.40894965 1103.000 10.752
98.14154861 27.39230035 1154.000 10.728
98.14154861 27.37565104 1047.000 10.712
98.14154861 27.35900174 1096.000 10.695
98.15820139 27.34235243 1019.000 10.672
98.17485417 27.32570312 1012.000 10.648
98.19150694 27.30905382 1034.000 10.624
98.20815972 27.29240451 1126.000 10.601
98.20815972 27.27575521 1035.000 10.584
98.20815972 27.25910590 1033.000 10.568
98.20815972 27.24245660 1065.000 10.551
98.20815972 27.22580729 994.000 10.534
98.22481250 27.20915799 962.000 10.511
98.24146528 27.19250868 916.000 10.487
98.25811806 27.17585937 978.000 10.464
98.27477083 27.15921007 998.000 10.440
98.29142361 27.14256076 1052.000 10.417
98.30807639 27.12591146 915.000 10.393
98.32472917 27.10926215 899.000 10.369
98.34138194 27.09261285 1082.000 10.346
98.34138194 27.07596354 963.000 10.329
98.34138194 27.05931424 909.000 10.313
98.35803472 27.04266493 960.000 10.289
98.35803472 27.02601562 940.000 10.272
98.35803472 27.00936632 967.000 10.256
98.37468750 26.99271701 1143.000 10.232
98.37468750 26.97606771 1062.000 10.216
98.35803472 26.95941840 1056.000 10.192
98.35803472 26.94276910 1074.000 10.175
98.37468750 26.92611979 958.000 10.152
98.37468750 26.90947049 943.000 10.135
98.37468750 26.89282118 931.000 10.119
98.37468750 26.87617187 900.000 10.102
98.37468750 26.85952257 883.000 10.085
98.37468750 26.84287326 862.000 10.069
98.37468750 26.82622396 957.000 10.052
98.39134028 26.80957465 841.000 10.028
98.39134028 26.79292535 845.000 10.012
98.39134028 26.77627604 889.000 9.995
98.37468750 26.75962674 941.000 9.972
98.37468750 26.74297743 875.000 9.955
98.37468750 26.72632812 818.000 9.938
98.35803472 26.70967882 944.000 9.915
98.34138194 26.69302951 778.000 9.891
98.34138194 26.67638021 832.000 9.874
98.35803472 26.65973090 924.000 9.851
98.35803472 26.64308160 813.000 9.834
98.34138194 26.62643229 725.000 9.811
98.34138194 26.60978299 758.000 9.794
98.34138194 26.59313368 734.000 9.777
98.32472917 26.57648437 765.000 9.754
98.32472917 26.55983507 733.000 9.737
98.30807639 26.54318576 681.000 9.714
98.30807639 26.52653646 660.000 9.697
98.29142361 26.50988715 742.000 9.673
98.29142361 26.49323785 659.000 9.657
98.29142361 26.47658854 647.000 9.640
98.29142361 26.45993924 731.000 9.624
98.29142361 26.44328993 630.000 9.607
98.29142361 26.42664062 707.000 9.590
98.29142361 26.40999132 587.000 9.574
98.29142361 26.39334201 581.000 9.557
98.29142361 26.37669271 593.000 9.540
98.30807639 26.36004340 617.000 9.517
98.29142361 26.34339410 560.000 9.493
98.29142361 26.32674479 551.000 9.477
98.27477083 26.31009549 585.000 9.453
98.27477083 26.29344618 568.000 9.436
98.27477083 26.27679687 506.000 9.420
98.27477083 26.26014757 518.000 9.403
98.25811806 26.24349826 624.000 9.380
98.25811806 26.22684896 529.000 9.363
98.25811806 26.21019965 640.000 9.346
98.24146528 26.19355035 539.000 9.323
98.24146528 26.17690104 503.000 9.306
98.24146528 26.16025174 528.000 9.289
98.22481250 26.14360243 543.000 9.266
98.22481250 26.12695312 562.000 9.249
98.20815972 26.11030382 524.000 9.226
98.20815972 26.09365451 461.000 9.209
98.19150694 26.07700521 470.000 9.185
98.19150694 26.06035590 497.000 9.169
98.17485417 26.04370660 490.000 9.145
98.17485417 26.02705729 386.000 9.129
98.17485417 26.01040799 427.000 9.112
98.15820139 25.99375868 438.000 9.088
98.15820139 25.97710937 388.000 9.072
98.14154861 25.96046007 438.000 9.048
98.14154861 25.94381076 312.000 9.032
98.14154861 25.92716146 367.000 9.015
98.12489583 25.91051215 375.000 8.991
98.12489583 25.89386285 268.000 8.975
98.10824306 25.87721354 371.000 8.951
98.09159028 25.86056424 334.000 8.928
98.07493750 25.84391493 311.000 8.904
98.07493750 25.82726562 324.000 8.887
98.05828472 25.81061632 348.000 8.864
98.04163194 25.79396701 338.000 8.840
98.02497917 25.77731771 355.000 8.817
98.00832639 25.77731771 317.000 8.800
97.99167361 25.77731771 275.000 8.783
97.97502083 25.76066840 338.000 8.760
97.97502083 25.74401910 305.000 8.743
97.95836806 25.74401910 274.000 8.727
97.94171528 25.72736979 254.000 8.703
97.92506250 25.71072049 242.000 8.679
97.90840972 25.69407118 245.000 8.656
97.89175694 25.67742187 282.000 8.632
97.87510417 25.66077257 202.000 8.609
97.85845139 25.64412326 234.000 8.585
97.84179861 25.64412326 217.000 8.569
97.82514583 25.64412326 222.000 8.552
97.80849306 25.64412326 226.000 8.535
97.79184028 25.64412326 252.000 8.519
97.77518750 25.66077257 239.000 8.495
97.75853472 25.66077257 263.000 8.478
97.74188194 25.66077257 253.000 8.462
97.72522917 25.64412326 256.000 8.438
97.70857639 25.66077257 295.000 8.415
97.69192361 25.67742187 258.000 8.391
97.69192361 25.69407118 206.000 8.375
97.67527083 25.71072049 282.000 8.351
97.65861806 25.71072049 217.000 8.334
97.64196528 25.71072049 237.000 8.318
97.62531250 25.71072049 241.000 8.301
97.60865972 25.71072049 204.000 8.284
97.59200694 25.71072049 227.000 8.268
97.57535417 25.71072049 267.000 8.251
97.55870139 25.72736979 271.000 8.228
97.54204861 25.71072049 240.000 8.204
97.52539583 25.71072049 171.000 8.187
97.52539583 25.69407118 176.000 8.171
97.52539583 25.67742187 167.000 8.154
97.50874306 25.66077257 171.000 8.130
97.50874306 25.64412326 165.000 8.114
97.50874306 25.62747396 158.000 8.097
97.50874306 25.61082465 153.000 8.081
97.49209028 25.59417535 168.000 8.057
97.49209028 25.57752604 162.000 8.040
97.49209028 25.56087674 150.000 8.024
97.47543750 25.54422743 162.000 8.000
97.47543750 25.52757812 154.000 7.983
97.45878472 25.51092882 160.000 7.960
97.44213194 25.49427951 151.000 7.936
97.42547917 25.47763021 149.000 7.913
97.40882639 25.46098090 148.000 7.889
97.39217361 25.44433160 146.000 7.866
97.37552083 25.42768229 144.000 7.842
97.35886806 25.41103299 143.000 7.819
97.34221528 25.39438368 142.000 7.795
97.32556250 25.37773437 139.000 7.772
97.30890972 25.36108507 135.000 7.748
97.29225694 25.34443576 140.000 7.724
97.29225694 25.32778646 131.000 7.708
97.29225694 25.31113715 133.000 7.691
97.29225694 25.29448785 137.000 7.675
97.29225694 25.27783854 138.000 7.658
97.29225694 25.26118924 137.000 7.641
97.29225694 25.24453993 138.000 7.625
97.29225694 25.22789062 137.000 7.608
97.29225694 25.21124132 134.000 7.591
97.29225694 25.19459201 137.000 7.575
97.29225694 25.17794271 138.000 7.558
97.29225694 25.16129340 141.000 7.541
97.29225694 25.14464410 141.000 7.525
97.29225694 25.12799479 130.000 7.508
97.29225694 25.11134549 126.000 7.491
97.29225694 25.09469618 132.000 7.475
97.29225694 25.07804687 129.000 7.458
97.29225694 25.06139757 134.000 7.441
97.29225694 25.04474826 137.000 7.425
97.29225694 25.02809896 140.000 7.408
97.29225694 25.01144965 147.000 7.391
97.29225694 24.99480035 145.000 7.375
97.29225694 24.97815104 147.000 7.358
97.29225694 24.96150174 146.000 7.342
97.29225694 24.94485243 153.000 7.325
97.29225694 24.92820312 161.000 7.308
97.29225694 24.91155382 171.000 7.292
97.29225694 24.89490451 166.000 7.275
97.29225694 24.87825521 152.000 7.258
97.29225694 24.86160590 149.000 7.242
97.29225694 24.84495660 150.000 7.225
97.29225694 24.82830729 150.000 7.208
97.27560417 24.81165799 164.000 7.185
97.27560417 24.79500868 156.000 7.168
97.27560417 24.77835937 150.000 7.151
97.27560417 24.76171007 156.000 7.135
97.27560417 24.74506076 155.000 7.118
97.27560417 24.72841146 160.000 7.102
97.27560417 24.71176215 153.000 7.085
97.27560417 24.69511285 152.000 7.068
97.27560417 24.67846354 161.000 7.052
97.27560417 24.66181424 153.000 7.035
97.25895139 24.64516493 165.000 7.011
97.25895139 24.62851562 161.000 6.995
97.25895139 24.61186632 162.000 6.978
97.25895139 24.59521701 154.000 6.961
97.24229861 24.57856771 163.000 6.938
97.24229861 24.56191840 166.000 6.921
97.24229861 24.54526910 147.000 6.905
97.24229861 24.52861979 137.000 6.888
97.24229861 24.51197049 135.000 6.871
97.24229861 24.49532118 131.000 6.855
97.24229861 24.47867187 136.000 6.838
97.24229861 24.46202257 135.000 6.821
97.24229861 24.44537326 125.000 6.805
97.24229861 24.42872396 120.000 6.788
97.22564583 24.41207465 128.000 6.765
97.22564583 24.39542535 110.000 6.748
97.22564583 24.37877604 106.000 6.731
97.20899306 24.36212674 142.000 6.708
97.19234028 24.34547743 127.000 6.684
97.17568750 24.32882812 107.000 6.661
97.15903472 24.31217882 113.000 6.637
97.14238194 24.29552951 115.000 6.613
97.12572917 24.27888021 115.000 6.590
97.10907639 24.26223090 116.000 6.566
97.09242361 24.24558160 126.000 6.543
97.09242361 24.22893229 119.000 6.526
97.09242361 24.21228299 118.000 6.510
97.09242361 24.19563368 118.000 6.493
97.09242361 24.17898437 144.000 6.476
97.09242361 24.16233507 130.000 6.460
97.07577083 24.14568576 115.000 6.436
97.05911806 24.14568576 114.000 6.419
97.04246528 24.16233507 131.000 6.396
97.02581250 24.17898437 146.000 6.372
97.02581250 24.19563368 161.000 6.356
97.02581250 24.21228299 164.000 6.339
97.00915972 24.22893229 173.000 6.315
96.99250694 24.22893229 137.000 6.299
96.97585417 24.24558160 117.000 6.275
96.95920139 24.22893229 116.000 6.252
96.94254861 24.24558160 116.000 6.228
96.92589583 24.24558160 109.000 6.211
96.90924306 24.24558160 108.000 6.195
96.89259028 24.22893229 112.000 6.171
96.87593750 24.22893229 108.000 6.155
96.85928472 24.24558160 110.000 6.131
96.84263194 24.26223090 96.000 6.108
96.82597917 24.27888021 98.000 6.084
96.80932639 24.27888021 100.000 6.067
96.79267361 24.27888021 99.000 6.051
96.77602083 24.27888021 96.000 6.034
96.75936806 24.27888021 97.000 6.017
96.74271528 24.27888021 106.000 6.001
96.72606250 24.27888021 107.000 5.984
96.70940972 24.27888021 106.000 5.967
96.69275694 24.27888021 107.000 5.951
96.67610417 24.26223090 114.000 5.927
96.65945139 24.26223090 102.000 5.911
96.64279861 24.24558160 103.000 5.887
96.62614583 24.22893229 106.000 5.863
96.60949306 24.22893229 97.000 5.847
96.59284028 24.22893229 97.000 5.830
96.57618750 24.22893229 101.000 5.814
96.55953472 24.21228299 113.000 5.790
96.54288194 24.21228299 110.000 5.773
96.52622917 24.21228299 112.000 5.757
96.50957639 24.21228299 111.000 5.740
96.49292361 24.21228299 102.000 5.723
96.47627083 24.21228299 99.000 5.707
96.45961806 24.21228299 103.000 5.690
96.44296528 24.21228299 108.000 5.673
96.42631250 24.19563368 114.000 5.650
96.40965972 24.17898437 114.000 5.626
96.39300694 24.16233507 101.000 5.603
96.37635417 24.14568576 95.000 5.579
96.35970139 24.12903646 94.000 5.556
96.34304861 24.11238715 93.000 5.532
96.32639583 24.09573785 92.000 5.509
96.30974306 24.07908854 94.000 5.485
96.29309028 24.06243924 90.000 5.461
96.27643750 24.04578993 114.000 5.438
96.27643750 24.02914062 107.000 5.421
96.27643750 24.01249132 97.000 5.405
96.27643750 23.99584201 94.000 5.388
96.25978472 23.97919271 112.000 5.364
96.25978472 23.96254340 102.000 5.348
96.25978472 23.94589410 103.000 5.331
96.25978472 23.92924479 95.000 5.314
96.25978472 23.91259549 91.000 5.298
96.25978472 23.89594618 90.000 5.281
96.24313194 23.87929687 94.000 5.258
96.24313194 23.86264757 86.000 5.241
96.22647917 23.84599826 102.000 5.217
96.22647917 23.82934896 91.000 5.201
96.22647917 23.81269965 85.000 5.184
96.20982639 23.79605035 90.000 5.161
96.19317361 23.77940104 86.000 5.137
96.17652083 23.76275174 85.000 5.113
96.15986806 23.74610243 84.000 5.090
96.14321528 23.72945312 84.000 5.066
96.12656250 23.71280382 85.000 5.043
96.10990972 23.69615451 88.000 5.019
96.09325694 23.67950521 92.000 4.996
96.07660417 23.66285590 87.000 4.972
96.05995139 23.64620660 86.000 4.949
96.04329861 23.62955729 85.000 4.925
96.02664583 23.61290799 85.000 4.902
96.02664583 23.59625868 87.000 4.885
96.02664583 23.57960937 84.000 4.868
96.00999306 23.56296007 100.000 4.845
96.00999306 23.54631076 88.000 4.828
96.00999306 23.52966146 85.000 4.811
96.00999306 23.51301215 82.000 4.795
96.00999306 23.49636285 88.000 4.778
96.00999306 23.47971354 88.000 4.761
96.00999306 23.46306424 89.000 4.745
96.00999306 23.44641493 81.000 4.728
96.00999306 23.42976562 89.000 4.712
95.99334028 23.41311632 110.000 4.688
95.99334028 23.39646701 100.000 4.671
95.99334028 23.37981771 92.000 4.655
95.99334028 23.36316840 86.000 4.638
95.99334028 23.34651910 93.000 4.621
95.99334028 23.32986979 89.000 4.605
95.99334028 23.31322049 86.000 4.588
95.99334028 23.29657118 85.000 4.571
95.99334028 23.27992187 87.000 4.555
95.99334028 23.26327257 88.000 4.538
95.99334028 23.24662326 86.000 4.521
95.99334028 23.22997396 81.000 4.505
95.99334028 23.21332465 81.000 4.488
95.99334028 23.19667535 80.000 4.472
95.99334028 23.18002604 79.000 4.455
95.99334028 23.16337674 79.000 4.438
95.99334028 23.14672743 79.000 4.422
95.99334028 23.13007812 78.000 4.405
95.97668750 23.11342882 110.000 4.381
95.97668750 23.09677951 100.000 4.365
95.97668750 23.08013021 96.000 4.348
95.97668750 23.06348090 85.000 4.331
95.97668750 23.04683160 84.000 4.315
95.97668750 23.03018229 83.000 4.298
95.97668750 23.01353299 94.000 4.281
95.97668750 22.99688368 96.000 4.265
95.97668750 22.98023437 96.000 4.248
95.97668750 22.96358507 89.000 4.232
95.97668750 22.94693576 89.000 4.215
95.97668750 22.93028646 94.000 4.198
95.97668750 22.91363715 94.000 4.182
95.97668750 22.89698785 92.000 4.165
95.97668750 22.88033854 100.000 4.148
95.97668750 22.86368924 114.000 4.132
95.97668750 22.84703993 109.000 4.115
95.96003472 22.83039062 114.000 4.091
95.96003472 22.81374132 107.000 4.075
95.94338194 22.79709201 110.000 4.051
95.94338194 22.78044271 96.000 4.035
95.92672917 22.76379340 101.000 4.011
95.92672917 22.74714410 89.000 3.994
95.92672917 22.73049479 85.000 3.978
95.91007639 22.71384549 106.000 3.954
95.91007639 22.69719618 87.000 3.938
95.91007639 22.68054687 96.000 3.921
95.91007639 22.66389757 90.000 3.904
95.92672917 22.64724826 89.000 3.881
95.94338194 22.63059896 89.000 3.857
95.94338194 22.61394965 79.000 3.840
95.96003472 22.59730035 82.000 3.817
95.97668750 22.59730035 76.000 3.800
95.97668750 22.58065104 80.000 3.784
95.97668750 22.56400174 73.000 3.767
95.97668750 22.54735243 72.000 3.750
95.99334028 22.53070312 73.000 3.727
96.00999306 22.51405382 73.000 3.703
96.00999306 22.49740451 74.000 3.687
95.99334028 22.48075521 70.000 3.663
95.97668750 22.46410590 72.000 3.640
95.97668750 22.44745660 72.000 3.623
95.97668750 22.43080729 71.000 3.606
95.99334028 22.41415799 72.000 3.583
95.99334028 22.39750868 69.000 3.566
95.99334028 22.38085937 67.000 3.549
95.99334028 22.36421007 67.000 3.533
95.99334028 22.34756076 67.000 3.516
95.99334028 22.33091146 68.000 3.499
96.00999306 22.31426215 72.000 3.476
96.00999306 22.29761285 67.000 3.459
96.00999306 22.28096354 69.000 3.443
96.00999306 22.26431424 66.000 3.426
96.00999306 22.24766493 66.000 3.409
96.00999306 22.23101562 66.000 3.393
96.02664583 22.21436632 69.000 3.369
96.02664583 22.19771701 67.000 3.352
96.02664583 22.18106771 69.000 3.336
96.02664583 22.16441840 68.000 3.319
96.02664583 22.14776910 69.000 3.302
96.02664583 22.13111979 65.000 3.286
96.02664583 22.11447049 67.000 3.269
96.02664583 22.09782118 65.000 3.253
96.02664583 22.08117187 64.000 3.236
96.02664583 22.06452257 67.000 3.219
96.02664583 22.04787326 68.000 3.203
96.02664583 22.03122396 64.000 3.186
96.02664583 22.01457465 68.000 3.169
96.02664583 21.99792535 68.000 3.153
96.02664583 21.98127604 66.000 3.136
96.02664583 21.96462674 65.000 3.119
96.02664583 21.94797743 65.000 3.103
96.00999306 21.93132812 69.000 3.079
96.00999306 21.91467882 65.000 3.062
96.00999306 21.89802951 63.000 3.046
95.99334028 21.88138021 66.000 3.022
95.97668750 21.86473090 68.000 2.999
95.96003472 21.88138021 69.000 2.975
95.94338194 21.89802951 68.000 2.952
95.92672917 21.91467882 66.000 2.928
95.91007639 21.91467882 67.000 2.911
95.89342361 21.91467882 65.000 2.895
95.87677083 21.91467882 62.000 2.878
95.86011806 21.91467882 61.000 2.861
95.84346528 21.91467882 63.000 2.845
95.82681250 21.91467882 63.000 2.828
95.81015972 21.91467882 62.000 2.812
95.79350694 21.91467882 65.000 2.795
95.77685417 21.93132812 70.000 2.771
95.76020139 21.93132812 66.000 2.755
95.74354861 21.93132812 63.000 2.738
95.72689583 21.93132812 62.000 2.721
95.71024306 21.93132812 63.000 2.705
95.69359028 21.93132812 64.000 2.688
95.67693750 21.93132812 63.000 2.671
95.66028472 21.93132812 62.000 2.655
95.64363194 21.93132812 61.000 2.638
95.62697917 21.93132812 60.000 2.621
95.61032639 21.93132812 61.000 2.605
95.59367361 21.91467882 65.000 2.581
95.57702083 21.91467882 62.000 2.565
95.56036806 21.91467882 61.000 2.548
95.54371528 21.91467882 59.000 2.531
95.52706250 21.89802951 61.000 2.508
95.51040972 21.89802951 59.000 2.491
95.49375694 21.88138021 61.000 2.468
95.47710417 21.86473090 61.000 2.444
95.46045139 21.84808160 60.000 2.420
95.44379861 21.83143229 59.000 2.397
95.44379861 21.81478299 59.000 2.380
95.42714583 21.79813368 62.000 2.357
95.42714583 21.78148437 62.000 2.340
95.42714583 21.76483507 60.000 2.323
95.41049306 21.74818576 62.000 2.300
95.39384028 21.73153646 61.000 2.276
95.37718750 21.71488715 61.000 2.253
95.37718750 21.69823785 62.000 2.236
95.36053472 21.68158854 61.000 2.213
95.36053472 21.66493924 61.000 2.196
95.36053472 21.64828993 60.000 2.179
95.34388194 21.63164062 59.000 2.156
95.34388194 21.61499132 58.000 2.139
95.34388194 21.59834201 59.000 2.122
95.34388194 21.58169271 58.000 2.106
95.34388194 21.56504340 57.000 2.089
95.34388194 21.54839410 57.000 2.072
95.32722917 21.53174479 58.000 2.049
95.32722917 21.51509549 56.000 2.032
95.31057639 21.49844618 57.000 2.009
95.29392361 21.48179687 55.000 1.985
95.27727083 21.46514757 57.000 1.962
95.27727083 21.44849826 55.000 1.945
95.26061806 21.43184896 57.000 1.921
95.24396528 21.41519965 53.000 1.898
95.22731250 21.39855035 56.000 1.874
95.21065972 21.39855035 55.000 1.858
95.19400694 21.38190104 57.000 1.834
95.17735417 21.36525174 54.000 1.811
95.16070139 21.34860243 54.000 1.787
95.14404861 21.33195312 53.000 1.763
95.12739583 21.33195312 56.000 1.747
95.11074306 21.33195312 55.000 1.730
95.09409028 21.33195312 55.000 1.714
95.07743750 21.31530382 57.000 1.690
95.06078472 21.29865451 52.000 1.666
95.04413194 21.29865451 51.000 1.650
95.02747917 21.28200521 51.000 1.626
95.01082639 21.26535590 50.000 1.603
94.99417361 21.24870660 51.000 1.579
94.97752083 21.23205729 51.000 1.556
94.96086806 21.23205729 49.000 1.539
94.94421528 21.23205729 49.000 1.522
94.92756250 21.23205729 49.000 1.506
94.91090972 21.23205729 52.000 1.489
94.89425694 21.21540799 49.000 1.465
94.87760417 21.19875868 50.000 1.442
94.86095139 21.19875868 52.000 1.425
94.84429861 21.18210937 50.000 1.402
94.84429861 21.16546007 49.000 1.385
94.84429861 21.14881076 50.000 1.368
94.84429861 21.13216146 52.000 1.352
94.84429861 21.11551215 50.000 1.335
94.84429861 21.09886285 50.000 1.318
94.84429861 21.08221354 50.000 1.302
94.84429861 21.06556424 49.000 1.285
94.84429861 21.04891493 47.000 1.268
94.84429861 21.03226562 47.000 1.252
94.84429861 21.01561632 47.000 1.235
94.84429861 20.99896701 47.000 1.219
94.84429861 20.98231771 46.000 1.202
94.84429861 20.96566840 47.000 1.185
94.84429861 20.94901910 50.000 1.169
94.82764583 20.93236979 48.000 1.145
94.81099306 20.91572049 47.000 1.121
94.79434028 20.89907118 49.000 1.098
94.79434028 20.88242187 47.000 1.081
94.77768750 20.86577257 43.000 1.058
94.76103472 20.86577257 45.000 1.041
94.74438194 20.84912326 48.000 1.018
94.72772917 20.84912326 44.000 1.001
94.71107639 20.83247396 44.000 0.977
94.71107639 20.81582465 42.000 0.961
94.71107639 20.79917535 42.000 0.944
94.72772917 20.78252604 42.000 0.920
94.72772917 20.76587674 42.000 0.904
94.72772917 20.74922743 42.000 0.887
94.72772917 20.73257812 42.000 0.871
94.72772917 20.71592882 44.000 0.854
94.74438194 20.69927951 42.000 0.830
94.72772917 20.68263021 44.000 0.807
94.72772917 20.66598090 42.000 0.790
94.72772917 20.64933160 45.000 0.774
94.74438194 20.63268229 44.000 0.750
94.76103472 20.63268229 43.000 0.733
94.77768750 20.61603299 44.000 0.710
94.79434028 20.59938368 44.000 0.686
94.81099306 20.58273437 42.000 0.663
94.81099306 20.56608507 39.000 0.646
94.81099306 20.54943576 40.000 0.629
94.82764583 20.53278646 42.000 0.606
94.82764583 20.51613715 41.000 0.589
94.82764583 20.49948785 41.000 0.573
94.84429861 20.48283854 41.000 0.549
94.84429861 20.46618924 41.000 0.532
94.86095139 20.44953993 41.000 0.509
94.86095139 20.43289062 40.000 0.492
94.87760417 20.41624132 38.000 0.469
94.87760417 20.39959201 39.000 0.452
94.89425694 20.38294271 37.000 0.428
94.89425694 20.36629340 42.000 0.412
94.91090972 20.34964410 40.000 0.388
94.91090972 20.33299479 42.000 0.372
94.91090972 20.31634549 38.000 0.355
94.91090972 20.29969618 37.000 0.338
94.91090972 20.28304687 37.000 0.322
94.91090972 20.26639757 37.000 0.305
94.91090972 20.24974826 39.000 0.288
94.89425694 20.23309896 39.000 0.265
94.89425694 20.21644965 37.000 0.248
94.91090972 20.19980035 35.000 0.225
94.91090972 20.18315104 35.000 0.208
94.91090972 20.16650174 34.000 0.191
94.91090972 20.14985243 33.000 0.175
94.92756250 20.13320312 36.000 0.151
94.94421528 20.11655382 35.000 0.127
94.96086806 20.09990451 33.000 0.104
94.97752083 20.08325521 34.000 0.080
94.99417361 20.06660590 35.000 0.057
95.01082639 20.04995660 36.000 0.033
95.01082639 20.03330729 35.000 0.017
