# x;y;z;distance
91.34721528 33.56919271 5026.000 31.671
91.36386806 33.56919271 5017.000 31.654
91.38052083 33.56919271 5008.000 31.637
91.39717361 33.56919271 4999.000 31.621
91.41382639 33.56919271 5001.000 31.604
91.43047917 33.56919271 5026.000 31.587
91.44713194 33.56919271 5029.000 31.571
91.46378472 33.56919271 4999.000 31.554
91.48043750 33.58584201 4971.000 31.531
91.49709028 33.58584201 4951.000 31.514
91.51374306 33.58584201 4937.000 31.497
91.53039583 33.60249132 4927.000 31.474
91.54704861 33.60249132 4915.000 31.457
91.56370139 33.60249132 4907.000 31.440
91.58035417 33.60249132 4897.000 31.424
91.59700694 33.60249132 4886.000 31.407
91.61365972 33.60249132 4875.000 31.390
91.63031250 33.60249132 4865.000 31.374
91.64696528 33.60249132 4855.000 31.357
91.66361806 33.60249132 4846.000 31.340
91.68027083 33.61914062 4837.000 31.317
91.69692361 33.61914062 4828.000 31.300
91.71357639 33.63578993 4819.000 31.277
91.73022917 33.63578993 4811.000 31.260
91.74688194 33.63578993 4805.000 31.243
91.76353472 33.65243924 4795.000 31.220
91.78018750 33.66908854 4786.000 31.196
91.79684028 33.68573785 4777.000 31.173
91.81349306 33.68573785 4769.000 31.156
91.81349306 33.70238715 4766.000 31.139
91.81349306 33.71903646 4763.000 31.123
91.81349306 33.73568576 4754.000 31.106
91.81349306 33.75233507 4745.000 31.090
91.83014583 33.76898437 4734.000 31.066
91.83014583 33.78563368 4728.000 31.049
91.83014583 33.80228299 4722.000 31.033
91.83014583 33.81893229 4716.000 31.016
91.84679861 33.83558160 4708.000 30.993
91.86345139 33.85223090 4701.000 30.969
91.88010417 33.85223090 4702.000 30.952
91.89675694 33.85223090 4699.000 30.936
91.91340972 33.85223090 4691.000 30.919
91.93006250 33.85223090 4695.000 30.902
91.94671528 33.85223090 4682.000 30.886
91.96336806 33.85223090 4675.000 30.869
91.98002083 33.85223090 4670.000 30.852
91.99667361 33.85223090 4664.000 30.836
92.01332639 33.83558160 4658.000 30.812
92.02997917 33.83558160 4654.000 30.796
92.04663194 33.83558160 4650.000 30.779
92.06328472 33.83558160 4646.000 30.762
92.07993750 33.83558160 4642.000 30.746
92.09659028 33.85223090 4637.000 30.722
92.11324306 33.85223090 4639.000 30.705
92.12989583 33.85223090 4633.000 30.689
92.14654861 33.86888021 4640.000 30.665
92.16320139 33.88552951 4643.000 30.642
92.16320139 33.90217882 4620.000 30.625
92.17985417 33.90217882 4616.000 30.608
92.19650694 33.90217882 4615.000 30.592
92.21315972 33.90217882 4610.000 30.575
92.22981250 33.90217882 4606.000 30.558
92.24646528 33.90217882 4602.000 30.542
92.26311806 33.90217882 4600.000 30.525
92.27977083 33.88552951 4599.000 30.502
92.29642361 33.86888021 4592.000 30.478
92.31307639 33.86888021 4587.000 30.461
92.32972917 33.86888021 4591.000 30.445
92.34638194 33.88552951 4584.000 30.421
92.36303472 33.86888021 4576.000 30.398
92.37968750 33.86888021 4570.000 30.381
92.39634028 33.86888021 4567.000 30.364
92.41299306 33.88552951 4564.000 30.341
92.42964583 33.88552951 4562.000 30.324
92.44629861 33.88552951 4557.000 30.307
92.46295139 33.86888021 4557.000 30.284
92.47960417 33.85223090 4549.000 30.260
92.49625694 33.85223090 4555.000 30.244
92.51290972 33.85223090 4561.000 30.227
92.52956250 33.86888021 4561.000 30.203
92.54621528 33.86888021 4554.000 30.187
92.56286806 33.86888021 4544.000 30.170
92.57952083 33.86888021 4541.000 30.153
92.59617361 33.86888021 4548.000 30.137
92.61282639 33.88552951 4539.000 30.113
92.62947917 33.90217882 4559.000 30.090
92.62947917 33.91882812 4524.000 30.073
92.64613194 33.93547743 4516.000 30.050
92.66278472 33.95212674 4517.000 30.026
92.67943750 33.96877604 4514.000 30.002
92.69609028 33.98542535 4507.000 29.979
92.71274306 34.00207465 4512.000 29.955
92.72939583 34.00207465 4499.000 29.939
92.74604861 34.00207465 4497.000 29.922
92.76270139 34.01872396 4498.000 29.899
92.77935417 34.01872396 4492.000 29.882
92.79600694 34.01872396 4493.000 29.865
92.81265972 34.01872396 4492.000 29.849
92.82931250 34.01872396 4491.000 29.832
92.84596528 34.01872396 4490.000 29.815
92.86261806 34.01872396 4488.000 29.799
92.87927083 34.01872396 4488.000 29.782
92.89592361 34.01872396 4496.000 29.765
92.91257639 34.01872396 4503.000 29.749
92.92922917 34.01872396 4503.000 29.732
92.94588194 34.01872396 4499.000 29.715
92.96253472 34.01872396 4494.000 29.699
92.97918750 34.01872396 4494.000 29.682
92.99584028 34.01872396 4489.000 29.665
93.01249306 34.01872396 4489.000 29.649
93.02914583 34.01872396 4481.000 29.632
93.04579861 34.01872396 4478.000 29.615
93.06245139 34.01872396 4476.000 29.599
93.07910417 34.01872396 4474.000 29.582
93.09575694 34.01872396 4472.000 29.565
93.11240972 34.01872396 4473.000 29.549
93.12906250 34.01872396 4474.000 29.532
93.14571528 34.01872396 4477.000 29.515
93.16236806 34.01872396 4478.000 29.499
93.17902083 34.01872396 4480.000 29.482
93.19567361 34.01872396 4481.000 29.466
93.21232639 34.01872396 4484.000 29.449
93.22897917 34.01872396 4494.000 29.432
93.24563194 34.01872396 4492.000 29.416
93.26228472 34.01872396 4495.000 29.399
93.27893750 34.01872396 4497.000 29.382
93.29559028 34.01872396 4493.000 29.366
93.31224306 34.01872396 4492.000 29.349
93.32889583 34.01872396 4489.000 29.332
93.34554861 34.01872396 4494.000 29.316
93.36220139 34.01872396 4496.000 29.299
93.37885417 34.01872396 4500.000 29.282
93.39550694 34.01872396 4503.000 29.266
93.41215972 34.01872396 4504.000 29.249
93.42881250 34.01872396 4502.000 29.232
93.44546528 34.01872396 4501.000 29.216
93.46211806 34.01872396 4502.000 29.199
93.47877083 34.01872396 4503.000 29.182
93.49542361 34.01872396 4493.000 29.166
93.51207639 34.01872396 4491.000 29.149
93.52872917 34.01872396 4491.000 29.132
93.54538194 34.03537326 4516.000 29.109
93.56203472 34.03537326 4508.000 29.092
93.57868750 34.03537326 4489.000 29.076
93.59534028 34.05202257 4501.000 29.052
93.61199306 34.05202257 4484.000 29.035
93.62864583 34.05202257 4478.000 29.019
93.64529861 34.05202257 4449.000 29.002
93.66195139 34.06867187 4502.000 28.979
93.67860417 34.08532118 4463.000 28.955
93.69525694 34.10197049 4430.000 28.931
93.71190972 34.11861979 4493.000 28.908
93.72856250 34.13526910 4506.000 28.884
93.74521528 34.15191840 4475.000 28.861
93.76186806 34.16856771 4441.000 28.837
93.77852083 34.18521701 4430.000 28.814
93.77852083 34.20186632 4467.000 28.797
93.77852083 34.21851562 4417.000 28.780
93.79517361 34.23516493 4401.000 28.757
93.81182639 34.25181424 4388.000 28.733
93.82847917 34.26846354 4493.000 28.710
93.82847917 34.28511285 4442.000 28.693
93.84513194 34.30176215 4518.000 28.670
93.86178472 34.31841146 4460.000 28.646
93.87843750 34.33506076 4489.000 28.622
93.87843750 34.35171007 4442.000 28.606
93.87843750 34.36835937 4395.000 28.589
93.89509028 34.38500868 4367.000 28.566
93.89509028 34.40165799 4363.000 28.549
93.89509028 34.41830729 4362.000 28.532
93.91174306 34.43495660 4360.000 28.509
93.92839583 34.45160590 4363.000 28.485
93.94504861 34.45160590 4351.000 28.469
93.96170139 34.45160590 4350.000 28.452
93.97835417 34.46825521 4347.000 28.428
93.99500694 34.48490451 4345.000 28.405
94.01165972 34.50155382 4339.000 28.381
94.02831250 34.51820312 4334.000 28.358
94.04496528 34.53485243 4331.000 28.334
94.06161806 34.55150174 4329.000 28.311
94.07827083 34.55150174 4342.000 28.294
94.09492361 34.55150174 4362.000 28.277
94.11157639 34.55150174 4354.000 28.261
94.12822917 34.56815104 4358.000 28.237
94.14488194 34.56815104 4344.000 28.220
94.16153472 34.55150174 4341.000 28.197
94.17818750 34.55150174 4335.000 28.180
94.19484028 34.55150174 4338.000 28.164
94.21149306 34.56815104 4328.000 28.140
94.22814583 34.55150174 4343.000 28.117
94.24479861 34.55150174 4333.000 28.100
94.26145139 34.55150174 4342.000 28.083
94.27810417 34.56815104 4345.000 28.060
94.29475694 34.58480035 4326.000 28.036
94.29475694 34.60144965 4332.000 28.019
94.29475694 34.61809896 4314.000 28.003
94.31140972 34.63474826 4330.000 27.979
94.32806250 34.61809896 4330.000 27.956
94.34471528 34.63474826 4305.000 27.932
94.36136806 34.65139757 4308.000 27.909
94.37802083 34.66804687 4323.000 27.885
94.39467361 34.66804687 4319.000 27.868
94.41132639 34.66804687 4314.000 27.852
94.42797917 34.66804687 4303.000 27.835
94.44463194 34.66804687 4299.000 27.818
94.46128472 34.68469618 4295.000 27.795
94.47793750 34.68469618 4286.000 27.778
94.49459028 34.70134549 4280.000 27.755
94.51124306 34.71799479 4278.000 27.731
94.52789583 34.73464410 4270.000 27.708
94.54454861 34.75129340 4267.000 27.684
94.56120139 34.75129340 4265.000 27.667
94.57785417 34.75129340 4264.000 27.651
94.59450694 34.75129340 4262.000 27.634
94.61115972 34.73464410 4258.000 27.611
94.62781250 34.73464410 4256.000 27.594
94.64446528 34.73464410 4254.000 27.577
94.66111806 34.71799479 4252.000 27.554
94.67777083 34.71799479 4249.000 27.537
94.69442361 34.71799479 4247.000 27.520
94.71107639 34.71799479 4245.000 27.504
94.72772917 34.71799479 4243.000 27.487
94.74438194 34.70134549 4245.000 27.464
94.76103472 34.70134549 4241.000 27.447
94.77768750 34.70134549 4238.000 27.430
94.79434028 34.70134549 4233.000 27.414
94.81099306 34.70134549 4233.000 27.397
94.82764583 34.68469618 4242.000 27.373
94.84429861 34.68469618 4236.000 27.357
94.86095139 34.68469618 4225.000 27.340
94.87760417 34.68469618 4223.000 27.323
94.89425694 34.66804687 4230.000 27.300
94.91090972 34.66804687 4220.000 27.283
94.92756250 34.65139757 4220.000 27.260
94.94421528 34.63474826 4231.000 27.236
94.96086806 34.61809896 4247.000 27.213
94.97752083 34.61809896 4212.000 27.196
94.99417361 34.61809896 4222.000 27.179
95.01082639 34.60144965 4215.000 27.156
95.01082639 34.58480035 4214.000 27.139
95.02747917 34.56815104 4233.000 27.116
95.04413194 34.56815104 4214.000 27.099
95.06078472 34.56815104 4212.000 27.082
95.07743750 34.55150174 4217.000 27.059
95.07743750 34.53485243 4209.000 27.042
95.09409028 34.51820312 4218.000 27.019
95.11074306 34.51820312 4194.000 27.002
95.12739583 34.50155382 4200.000 26.978
95.14404861 34.50155382 4199.000 26.962
95.16070139 34.48490451 4198.000 26.938
95.17735417 34.48490451 4200.000 26.921
95.19400694 34.48490451 4214.000 26.905
95.21065972 34.48490451 4191.000 26.888
95.22731250 34.46825521 4203.000 26.865
95.24396528 34.45160590 4208.000 26.841
95.26061806 34.45160590 4195.000 26.824
95.27727083 34.46825521 4211.000 26.801
95.29392361 34.46825521 4219.000 26.784
95.31057639 34.46825521 4189.000 26.768
95.32722917 34.46825521 4228.000 26.751
95.34388194 34.46825521 4179.000 26.734
95.36053472 34.45160590 4169.000 26.711
95.37718750 34.43495660 4174.000 26.687
95.39384028 34.41830729 4199.000 26.664
95.41049306 34.40165799 4162.000 26.640
95.42714583 34.38500868 4174.000 26.617
95.44379861 34.36835937 4199.000 26.593
95.46045139 34.36835937 4154.000 26.576
95.47710417 34.35171007 4171.000 26.553
95.49375694 34.35171007 4150.000 26.536
95.51040972 34.33506076 4209.000 26.513
95.52706250 34.33506076 4134.000 26.496
95.54371528 34.33506076 4142.000 26.479
95.56036806 34.31841146 4153.000 26.456
95.57702083 34.30176215 4158.000 26.432
95.57702083 34.28511285 4152.000 26.416
95.57702083 34.26846354 4169.000 26.399
95.59367361 34.25181424 4144.000 26.375
95.61032639 34.23516493 4218.000 26.352
95.62697917 34.21851562 4106.000 26.328
95.64363194 34.20186632 4105.000 26.305
95.66028472 34.18521701 4130.000 26.281
95.67693750 34.16856771 4116.000 26.258
95.69359028 34.15191840 4098.000 26.234
95.69359028 34.13526910 4094.000 26.217
95.71024306 34.11861979 4088.000 26.194
95.72689583 34.10197049 4097.000 26.170
95.74354861 34.08532118 4105.000 26.147
95.76020139 34.06867187 4147.000 26.123
95.77685417 34.05202257 4209.000 26.100
95.79350694 34.05202257 4131.000 26.083
95.81015972 34.03537326 4206.000 26.059
95.82681250 34.01872396 4075.000 26.036
95.84346528 34.00207465 4110.000 26.012
95.86011806 33.98542535 4104.000 25.989
95.87677083 33.96877604 4142.000 25.965
95.87677083 33.95212674 4163.000 25.949
95.89342361 33.93547743 4066.000 25.925
95.91007639 33.91882812 4210.000 25.901
95.92672917 33.90217882 4134.000 25.878
95.94338194 33.88552951 4060.000 25.854
95.96003472 33.86888021 4091.000 25.831
95.97668750 33.85223090 4095.000 25.807
95.99334028 33.83558160 4068.000 25.784
96.00999306 33.81893229 4165.000 25.760
96.02664583 33.81893229 4103.000 25.744
96.04329861 33.80228299 4083.000 25.720
96.05995139 33.78563368 4192.000 25.696
96.07660417 33.76898437 4164.000 25.673
96.09325694 33.76898437 4183.000 25.656
96.10990972 33.76898437 4149.000 25.640
96.12656250 33.76898437 4143.000 25.623
96.14321528 33.76898437 4144.000 25.606
96.15986806 33.76898437 4197.000 25.590
96.17652083 33.76898437 4122.000 25.573
96.19317361 33.76898437 4169.000 25.556
96.20982639 33.75233507 4213.000 25.533
96.22647917 33.73568576 4026.000 25.509
96.24313194 33.71903646 4031.000 25.486
96.25978472 33.71903646 3985.000 25.469
96.27643750 33.71903646 4011.000 25.452
96.29309028 33.71903646 4069.000 25.436
96.30974306 33.71903646 4017.000 25.419
96.32639583 33.73568576 4171.000 25.396
96.34304861 33.73568576 4079.000 25.379
96.35970139 33.75233507 4123.000 25.355
96.37635417 33.75233507 4112.000 25.339
96.39300694 33.75233507 4092.000 25.322
96.40965972 33.73568576 4071.000 25.298
96.40965972 33.71903646 4035.000 25.282
96.39300694 33.70238715 3983.000 25.258
96.40965972 33.68573785 3981.000 25.235
96.42631250 33.68573785 4071.000 25.218
96.44296528 33.66908854 4075.000 25.195
96.45961806 33.65243924 4048.000 25.171
96.47627083 33.63578993 4232.000 25.147
96.47627083 33.61914062 4008.000 25.131
96.49292361 33.60249132 4049.000 25.107
96.50957639 33.60249132 4194.000 25.091
96.52622917 33.60249132 4057.000 25.074
96.54288194 33.60249132 4005.000 25.057
96.55953472 33.60249132 3990.000 25.041
96.57618750 33.60249132 4020.000 25.024
96.59284028 33.58584201 3904.000 25.000
96.60949306 33.58584201 3914.000 24.984
96.62614583 33.56919271 3989.000 24.960
96.62614583 33.55254340 3873.000 24.944
96.64279861 33.53589410 3921.000 24.920
96.65945139 33.53589410 3919.000 24.903
96.67610417 33.53589410 3997.000 24.887
96.69275694 33.53589410 3921.000 24.870
96.69275694 33.51924479 3928.000 24.853
96.69275694 33.50259549 3783.000 24.837
96.69275694 33.48594618 3982.000 24.820
96.69275694 33.46929687 3923.000 24.803
96.69275694 33.45264757 3906.000 24.787
96.70940972 33.43599826 3822.000 24.763
96.70940972 33.41934896 3831.000 24.747
96.72606250 33.40269965 3850.000 24.723
96.74271528 33.38605035 3867.000 24.700
96.75936806 33.38605035 3829.000 24.683
96.77602083 33.36940104 3874.000 24.659
96.79267361 33.35275174 3769.000 24.636
96.80932639 33.33610243 3780.000 24.612
96.82597917 33.31945312 3753.000 24.589
96.84263194 33.31945312 3720.000 24.572
96.85928472 33.31945312 3912.000 24.555
96.87593750 33.31945312 3888.000 24.539
96.89259028 33.31945312 3788.000 24.522
96.90924306 33.31945312 3883.000 24.505
96.92589583 33.31945312 3834.000 24.489
96.94254861 33.31945312 3855.000 24.472
96.95920139 33.33610243 3754.000 24.449
96.97585417 33.31945312 3764.000 24.425
96.99250694 33.30280382 3716.000 24.401
97.00915972 33.30280382 3745.000 24.385
97.02581250 33.28615451 3688.000 24.361
97.02581250 33.26950521 3647.000 24.345
97.02581250 33.25285590 3806.000 24.328
97.02581250 33.23620660 3652.000 24.311
97.02581250 33.21955729 3693.000 24.295
97.02581250 33.20290799 3652.000 24.278
97.04246528 33.18625868 3772.000 24.254
97.05911806 33.16960937 3734.000 24.231
97.07577083 33.15296007 3736.000 24.207
97.09242361 33.15296007 3772.000 24.191
97.10907639 33.13631076 3735.000 24.167
97.12572917 33.13631076 3800.000 24.151
97.14238194 33.11966146 3739.000 24.127
97.15903472 33.10301215 3830.000 24.103
97.15903472 33.08636285 3784.000 24.087
97.17568750 33.06971354 3734.000 24.063
97.17568750 33.05306424 3635.000 24.047
97.19234028 33.03641493 3629.000 24.023
97.20899306 33.01976562 3668.000 23.999
97.22564583 33.01976562 3699.000 23.983
97.24229861 33.00311632 3667.000 23.959
97.25895139 32.98646701 3700.000 23.936
97.24229861 32.96981771 3689.000 23.912
97.24229861 32.95316840 3792.000 23.896
97.25895139 32.93651910 3772.000 23.872
97.27560417 32.91986979 3676.000 23.848
97.29225694 32.91986979 3731.000 23.832
97.30890972 32.91986979 3659.000 23.815
97.32556250 32.90322049 3716.000 23.792
97.34221528 32.90322049 3624.000 23.775
97.35886806 32.88657118 3576.000 23.751
97.37552083 32.86992187 3607.000 23.728
97.39217361 32.85327257 3777.000 23.704
97.39217361 32.83662326 3641.000 23.688
97.37552083 32.81997396 3722.000 23.664
97.37552083 32.80332465 3717.000 23.647
97.39217361 32.78667535 3845.000 23.624
97.39217361 32.77002604 3681.000 23.607
97.40882639 32.75337674 3772.000 23.584
97.40882639 32.73672743 3693.000 23.567
97.42547917 32.72007812 3605.000 23.544
97.44213194 32.70342882 3669.000 23.520
97.45878472 32.68677951 3695.000 23.496
97.47543750 32.67013021 3670.000 23.473
97.49209028 32.65348090 3541.000 23.449
97.50874306 32.63683160 3632.000 23.426
97.52539583 32.63683160 3522.000 23.409
97.54204861 32.62018229 3494.000 23.386
97.55870139 32.62018229 3532.000 23.369
97.57535417 32.62018229 3701.000 23.352
97.59200694 32.60353299 3707.000 23.329
97.60865972 32.60353299 3611.000 23.312
97.62531250 32.58688368 3613.000 23.289
97.64196528 32.57023437 3491.000 23.265
97.65861806 32.55358507 3543.000 23.241
97.67527083 32.55358507 3497.000 23.225
97.69192361 32.53693576 3515.000 23.201
97.70857639 32.53693576 3496.000 23.185
97.72522917 32.52028646 3485.000 23.161
97.74188194 32.52028646 3504.000 23.144
97.75853472 32.52028646 3391.000 23.128
97.77518750 32.50363715 3588.000 23.104
97.79184028 32.48698785 3581.000 23.081
97.80849306 32.48698785 3491.000 23.064
97.82514583 32.48698785 3521.000 23.047
97.84179861 32.48698785 3575.000 23.031
97.85845139 32.48698785 3504.000 23.014
97.87510417 32.48698785 3396.000 22.997
97.89175694 32.47033854 3598.000 22.974
97.90840972 32.47033854 3431.000 22.957
97.92506250 32.47033854 3340.000 22.940
97.94171528 32.47033854 3319.000 22.924
97.95836806 32.47033854 3322.000 22.907
97.97502083 32.47033854 3322.000 22.891
97.99167361 32.45368924 3418.000 22.867
98.00832639 32.43703993 3530.000 22.843
98.02497917 32.43703993 3499.000 22.827
98.04163194 32.42039062 3593.000 22.803
98.05828472 32.42039062 3383.000 22.787
98.07493750 32.40374132 3433.000 22.763
98.09159028 32.40374132 3379.000 22.746
98.10824306 32.38709201 3469.000 22.723
98.12489583 32.38709201 3424.000 22.706
98.14154861 32.37044271 3552.000 22.683
98.15820139 32.37044271 3447.000 22.666
98.17485417 32.37044271 3471.000 22.649
98.19150694 32.35379340 3383.000 22.626
98.20815972 32.33714410 3456.000 22.602
98.20815972 32.32049479 3484.000 22.586
98.20815972 32.30384549 3599.000 22.569
98.22481250 32.28719618 3503.000 22.545
98.22481250 32.27054687 3469.000 22.529
98.22481250 32.25389757 3451.000 22.512
98.22481250 32.23724826 3506.000 22.495
98.24146528 32.22059896 3384.000 22.472
98.25811806 32.20394965 3413.000 22.448
98.27477083 32.18730035 3430.000 22.425
98.27477083 32.17065104 3399.000 22.408
98.29142361 32.15400174 3359.000 22.385
98.29142361 32.13735243 3523.000 22.368
98.30807639 32.12070312 3338.000 22.344
98.32472917 32.10405382 3326.000 22.321
98.34138194 32.08740451 3339.000 22.297
98.35803472 32.08740451 3370.000 22.281
98.37468750 32.07075521 3339.000 22.257
98.39134028 32.05410590 3191.000 22.234
98.40799306 32.03745660 3284.000 22.210
98.40799306 32.02080729 3222.000 22.193
98.42464583 32.00415799 3349.000 22.170
98.42464583 31.98750868 3367.000 22.153
98.42464583 31.97085937 3374.000 22.137
98.42464583 31.95421007 3302.000 22.120
98.42464583 31.93756076 3230.000 22.103
98.42464583 31.92091146 3174.000 22.087
98.40799306 31.90426215 3371.000 22.063
98.40799306 31.88761285 3257.000 22.046
98.40799306 31.87096354 3199.000 22.030
98.42464583 31.85431424 3221.000 22.006
98.44129861 31.83766493 3327.000 21.983
98.44129861 31.82101562 3124.000 21.966
98.45795139 31.80436632 3273.000 21.942
98.47460417 31.78771701 3280.000 21.919
98.49125694 31.77106771 3234.000 21.895
98.50790972 31.75441840 3286.000 21.872
98.50790972 31.73776910 3186.000 21.855
98.52456250 31.72111979 3247.000 21.832
98.54121528 31.70447049 3257.000 21.808
98.55786806 31.68782118 3349.000 21.784
98.55786806 31.67117187 3262.000 21.768
98.55786806 31.65452257 3241.000 21.751
98.57452083 31.63787326 3221.000 21.728
98.59117361 31.62122396 3255.000 21.704
98.60782639 31.60457465 3230.000 21.681
98.62447917 31.58792535 3163.000 21.657
98.64113194 31.58792535 3230.000 21.640
98.65778472 31.57127604 3151.000 21.617
98.67443750 31.55462674 3164.000 21.593
98.69109028 31.53797743 3170.000 21.570
98.70774306 31.52132812 3165.000 21.546
98.72439583 31.50467882 3177.000 21.523
98.74104861 31.48802951 3252.000 21.499
98.75770139 31.48802951 3185.000 21.482
98.77435417 31.47138021 3250.000 21.459
98.79100694 31.45473090 3229.000 21.435
98.80765972 31.43808160 3362.000 21.412
98.82431250 31.43808160 3212.000 21.395
98.84096528 31.42143229 3228.000 21.372
98.85761806 31.40478299 3149.000 21.348
98.87427083 31.38813368 3166.000 21.324
98.89092361 31.37148437 3132.000 21.301
98.87427083 31.35483507 3368.000 21.277
98.85761806 31.33818576 3209.000 21.254
98.84096528 31.33818576 3243.000 21.237
98.82431250 31.32153646 3212.000 21.214
98.80765972 31.30488715 3211.000 21.190
98.80765972 31.28823785 3189.000 21.173
98.79100694 31.27158854 3276.000 21.150
98.77435417 31.25493924 3086.000 21.126
98.75770139 31.25493924 3165.000 21.110
98.74104861 31.27158854 3106.000 21.086
98.72439583 31.28823785 3198.000 21.063
98.70774306 31.30488715 3144.000 21.039
98.69109028 31.32153646 3305.000 21.015
98.67443750 31.33818576 3285.000 20.992
98.65778472 31.33818576 3276.000 20.975
98.64113194 31.33818576 3194.000 20.959
98.62447917 31.32153646 3110.000 20.935
98.62447917 31.30488715 3262.000 20.918
98.60782639 31.28823785 3159.000 20.895
98.60782639 31.27158854 3132.000 20.878
98.60782639 31.25493924 3244.000 20.862
98.59117361 31.23828993 3261.000 20.838
98.59117361 31.22164062 3232.000 20.821
98.59117361 31.20499132 3221.000 20.805
98.60782639 31.18834201 3069.000 20.781
98.62447917 31.17169271 3309.000 20.758
98.64113194 31.17169271 3068.000 20.741
98.65778472 31.15504340 3215.000 20.717
98.67443750 31.13839410 3244.000 20.694
98.69109028 31.13839410 3250.000 20.677
98.70774306 31.12174479 3093.000 20.654
98.70774306 31.10509549 3091.000 20.637
98.70774306 31.08844618 3174.000 20.620
98.72439583 31.07179687 3080.000 20.597
98.74104861 31.05514757 3204.000 20.573
98.75770139 31.03849826 3181.000 20.550
98.77435417 31.02184896 3047.000 20.526
98.79100694 31.00519965 3109.000 20.503
98.80765972 30.98855035 3003.000 20.479
98.80765972 30.97190104 3167.000 20.462
98.79100694 30.95525174 3196.000 20.439
98.79100694 30.93860243 3133.000 20.422
98.77435417 30.92195312 3095.000 20.399
98.77435417 30.90530382 3029.000 20.382
98.79100694 30.88865451 3122.000 20.358
98.80765972 30.87200521 3066.000 20.335
98.82431250 30.87200521 3196.000 20.318
98.84096528 30.85535590 3038.000 20.295
98.85761806 30.83870660 3169.000 20.271
98.87427083 30.82205729 2988.000 20.248
98.89092361 30.80540799 3144.000 20.224
98.90757639 30.78875868 3145.000 20.201
98.92422917 30.77210937 3205.000 20.177
98.94088194 30.77210937 3028.000 20.160
98.95753472 30.75546007 3012.000 20.137
98.95753472 30.73881076 3063.000 20.120
98.94088194 30.72216146 3022.000 20.097
98.92422917 30.70551215 3017.000 20.073
98.90757639 30.68886285 2993.000 20.050
98.90757639 30.67221354 3000.000 20.033
98.92422917 30.65556424 3070.000 20.009
98.92422917 30.63891493 2932.000 19.993
98.92422917 30.62226562 2950.000 19.976
98.92422917 30.60561632 2897.000 19.959
98.94088194 30.58896701 2926.000 19.936
98.92422917 30.57231771 2862.000 19.912
98.92422917 30.55566840 2872.000 19.896
98.92422917 30.53901910 3040.000 19.879
98.92422917 30.52236979 2921.000 19.862
98.94088194 30.50572049 2867.000 19.839
98.94088194 30.48907118 2876.000 19.822
98.95753472 30.47242187 2968.000 19.799
98.95753472 30.45577257 2860.000 19.782
98.95753472 30.43912326 2967.000 19.765
98.95753472 30.42247396 2917.000 19.749
98.97418750 30.40582465 3010.000 19.725
98.97418750 30.38917535 2926.000 19.708
98.97418750 30.37252604 2970.000 19.692
98.97418750 30.35587674 3074.000 19.675
98.97418750 30.33922743 3052.000 19.658
98.97418750 30.32257812 2947.000 19.642
98.97418750 30.30592882 2957.000 19.625
98.99084028 30.28927951 3090.000 19.602
98.97418750 30.27263021 3039.000 19.578
98.97418750 30.25598090 2824.000 19.561
98.97418750 30.23933160 2885.000 19.545
98.99084028 30.22268229 3075.000 19.521
98.99084028 30.20603299 2969.000 19.505
98.97418750 30.18938368 3011.000 19.481
98.99084028 30.17273437 3000.000 19.457
98.99084028 30.15608507 2861.000 19.441
99.00749306 30.13943576 2845.000 19.417
99.00749306 30.12278646 2862.000 19.401
99.02414583 30.10613715 2832.000 19.377
99.04079861 30.08948785 2939.000 19.354
99.04079861 30.07283854 2895.000 19.337
99.04079861 30.05618924 2803.000 19.320
99.04079861 30.03953993 2774.000 19.304
99.04079861 30.02289062 2798.000 19.287
99.04079861 30.00624132 2702.000 19.270
99.04079861 29.98959201 2756.000 19.254
99.05745139 29.97294271 2882.000 19.230
99.05745139 29.95629340 2690.000 19.213
99.05745139 29.93964410 2592.000 19.197
99.05745139 29.92299479 2610.000 19.180
99.05745139 29.90634549 2632.000 19.164
99.04079861 29.88969618 2701.000 19.140
99.04079861 29.87304687 2651.000 19.123
99.02414583 29.85639757 2700.000 19.100
99.02414583 29.83974826 2671.000 19.083
99.00749306 29.82309896 2862.000 19.060
99.00749306 29.80644965 2795.000 19.043
99.00749306 29.78980035 2794.000 19.026
99.00749306 29.77315104 2628.000 19.010
99.00749306 29.75650174 2625.000 18.993
99.00749306 29.73985243 2720.000 18.976
98.99084028 29.72320312 2783.000 18.953
98.99084028 29.70655382 2662.000 18.936
98.99084028 29.68990451 2607.000 18.919
98.99084028 29.67325521 2552.000 18.903
98.99084028 29.65660590 2568.000 18.886
99.00749306 29.63995660 2740.000 18.863
99.00749306 29.62330729 2722.000 18.846
99.02414583 29.60665799 2699.000 18.822
99.04079861 29.59000868 2790.000 18.799
99.05745139 29.57335937 2808.000 18.775
99.04079861 29.55671007 2893.000 18.752
99.04079861 29.54006076 2748.000 18.735
99.04079861 29.52341146 2600.000 18.718
99.04079861 29.50676215 2726.000 18.702
99.05745139 29.49011285 2655.000 18.678
99.05745139 29.47346354 2551.000 18.662
99.05745139 29.45681424 2507.000 18.645
99.05745139 29.44016493 2539.000 18.628
99.05745139 29.42351562 2591.000 18.612
99.05745139 29.40686632 2547.000 18.595
99.05745139 29.39021701 2566.000 18.578
99.05745139 29.37356771 2684.000 18.562
99.05745139 29.35691840 2765.000 18.545
99.05745139 29.34026910 2569.000 18.528
99.07410417 29.32361979 2530.000 18.505
99.07410417 29.30697049 2684.000 18.488
99.09075694 29.29032118 2627.000 18.465
99.09075694 29.27367187 2574.000 18.448
99.10740972 29.25702257 2492.000 18.425
99.10740972 29.24037326 2657.000 18.408
99.10740972 29.22372396 2617.000 18.391
99.10740972 29.20707465 2659.000 18.375
99.10740972 29.19042535 2505.000 18.358
99.10740972 29.17377604 2456.000 18.341
99.10740972 29.15712674 2514.000 18.325
99.10740972 29.14047743 2447.000 18.308
99.10740972 29.12382812 2539.000 18.291
99.10740972 29.10717882 2642.000 18.275
99.10740972 29.09052951 2503.000 18.258
99.10740972 29.07388021 2677.000 18.241
99.12406250 29.05723090 2712.000 18.218
99.12406250 29.04058160 2626.000 18.201
99.12406250 29.02393229 2493.000 18.185
99.12406250 29.00728299 2491.000 18.168
99.12406250 28.99063368 2555.000 18.151
99.12406250 28.97398437 2524.000 18.135
99.12406250 28.95733507 2502.000 18.118
99.12406250 28.94068576 2477.000 18.101
99.12406250 28.92403646 2489.000 18.085
99.12406250 28.90738715 2479.000 18.068
99.12406250 28.89073785 2483.000 18.051
99.10740972 28.87408854 2550.000 18.028
99.10740972 28.85743924 2471.000 18.011
99.10740972 28.84078993 2529.000 17.994
99.10740972 28.82414062 2610.000 17.978
99.10740972 28.80749132 2485.000 17.961
99.10740972 28.79084201 2497.000 17.945
99.10740972 28.77419271 2470.000 17.928
99.12406250 28.75754340 2606.000 17.904
99.12406250 28.74089410 2514.000 17.888
99.12406250 28.72424479 2540.000 17.871
99.12406250 28.70759549 2324.000 17.854
99.14071528 28.69094618 2458.000 17.831
99.14071528 28.67429687 2320.000 17.814
99.14071528 28.65764757 2331.000 17.798
99.15736806 28.64099826 2340.000 17.774
99.17402083 28.62434896 2420.000 17.750
99.17402083 28.60769965 2343.000 17.734
99.17402083 28.59105035 2274.000 17.717
99.17402083 28.57440104 2275.000 17.700
99.17402083 28.55775174 2281.000 17.684
99.17402083 28.54110243 2260.000 17.667
99.17402083 28.52445312 2251.000 17.651
99.19067361 28.50780382 2299.000 17.627
99.19067361 28.49115451 2227.000 17.610
99.19067361 28.47450521 2421.000 17.594
99.19067361 28.45785590 2495.000 17.577
99.19067361 28.44120660 2435.000 17.560
99.17402083 28.44120660 2362.000 17.544
99.17402083 28.42455729 2407.000 17.527
99.17402083 28.40790799 2281.000 17.510
99.19067361 28.39125868 2358.000 17.487
99.20732639 28.37460937 2374.000 17.463
99.22397917 28.35796007 2343.000 17.440
99.22397917 28.34131076 2393.000 17.423
99.24063194 28.32466146 2331.000 17.400
99.25728472 28.30801215 2236.000 17.376
99.27393750 28.30801215 2341.000 17.359
99.29059028 28.29136285 2418.000 17.336
99.29059028 28.27471354 2268.000 17.319
99.29059028 28.25806424 2192.000 17.303
99.30724306 28.24141493 2152.000 17.279
99.32389583 28.22476562 2171.000 17.255
99.34054861 28.20811632 2118.000 17.232
99.35720139 28.19146701 2207.000 17.208
99.37385417 28.17481771 2302.000 17.185
99.39050694 28.15816840 2266.000 17.161
99.39050694 28.14151910 2281.000 17.145
99.39050694 28.12486979 2157.000 17.128
99.40715972 28.10822049 2219.000 17.104
99.40715972 28.09157118 2263.000 17.088
99.40715972 28.07492187 2409.000 17.071
99.40715972 28.05827257 2277.000 17.054
99.40715972 28.04162326 2170.000 17.038
99.40715972 28.02497396 2132.000 17.021
99.40715972 28.00832465 2200.000 17.005
99.40715972 27.99167535 2194.000 16.988
99.40715972 27.97502604 2147.000 16.971
99.40715972 27.95837674 2220.000 16.955
99.40715972 27.94172743 2308.000 16.938
99.42381250 27.92507812 2134.000 16.914
99.42381250 27.90842882 2372.000 16.898
99.44046528 27.89177951 2161.000 16.874
99.44046528 27.87513021 2156.000 16.858
99.44046528 27.85848090 2261.000 16.841
99.45711806 27.84183160 2192.000 16.817
99.45711806 27.82518229 2173.000 16.801
99.44046528 27.80853299 2358.000 16.777
99.44046528 27.79188368 2263.000 16.760
99.44046528 27.77523437 2272.000 16.744
99.44046528 27.75858507 2185.000 16.727
99.44046528 27.74193576 2081.000 16.711
99.44046528 27.72528646 2106.000 16.694
99.45711806 27.70863715 2117.000 16.670
99.47377083 27.69198785 2253.000 16.647
99.47377083 27.67533854 2133.000 16.630
99.49042361 27.65868924 2344.000 16.607
99.50707639 27.64203993 2219.000 16.583
99.52372917 27.62539062 2104.000 16.560
99.52372917 27.60874132 2181.000 16.543
99.52372917 27.59209201 2071.000 16.526
99.54038194 27.57544271 2123.000 16.503
99.55703472 27.55879340 2238.000 16.479
99.57368750 27.54214410 2223.000 16.456
99.57368750 27.52549479 2222.000 16.439
99.57368750 27.50884549 2258.000 16.422
99.57368750 27.49219618 2247.000 16.406
99.59034028 27.47554687 2172.000 16.382
99.60699306 27.45889757 2107.000 16.359
99.60699306 27.44224826 2019.000 16.342
99.62364583 27.42559896 2227.000 16.318
99.62364583 27.40894965 2086.000 16.302
99.64029861 27.39230035 2017.000 16.278
99.65695139 27.37565104 2012.000 16.255
99.65695139 27.35900174 1934.000 16.238
99.65695139 27.34235243 1990.000 16.221
99.65695139 27.32570312 2114.000 16.205
99.67360417 27.30905382 2225.000 16.181
99.67360417 27.29240451 1993.000 16.164
99.69025694 27.27575521 1950.000 16.141
99.70690972 27.25910590 1901.000 16.117
99.72356250 27.24245660 1924.000 16.094
99.74021528 27.22580729 1914.000 16.070
99.75686806 27.20915799 1911.000 16.047
99.77352083 27.19250868 2065.000 16.023
99.79017361 27.17585937 2056.000 16.000
99.80682639 27.15921007 1906.000 15.976
99.82347917 27.14256076 1996.000 15.952
99.84013194 27.12591146 1880.000 15.929
99.85678472 27.10926215 1927.000 15.905
99.87343750 27.09261285 1884.000 15.882
99.89009028 27.07596354 1870.000 15.858
99.90674306 27.05931424 1883.000 15.835
99.92339583 27.04266493 1942.000 15.811
99.94004861 27.02601562 2067.000 15.788
99.94004861 27.00936632 1879.000 15.771
99.95670139 26.99271701 2065.000 15.747
99.95670139 26.97606771 1892.000 15.731
99.95670139 26.95941840 1850.000 15.714
99.95670139 26.94276910 1889.000 15.698
99.97335417 26.92611979 2388.000 15.674
99.97335417 26.90947049 2300.000 15.657
99.99000694 26.89282118 2038.000 15.634
100.00665972 26.90947049 2239.000 15.610
100.02331250 26.92611979 2234.000 15.587
100.03996528 26.94276910 2021.000 15.563
100.05661806 26.95941840 1905.000 15.540
100.07327083 26.97606771 2246.000 15.516
100.07327083 26.99271701 2102.000 15.499
100.07327083 27.00936632 1934.000 15.483
100.07327083 27.02601562 1897.000 15.466
100.07327083 27.04266493 1880.000 15.449
100.07327083 27.05931424 1907.000 15.433
100.07327083 27.07596354 1943.000 15.416
100.07327083 27.09261285 2020.000 15.399
100.07327083 27.10926215 2118.000 15.383
100.07327083 27.12591146 2192.000 15.366
100.07327083 27.14256076 2291.000 15.350
100.07327083 27.15921007 2208.000 15.333
100.08992361 27.17585937 2032.000 15.309
100.10657639 27.19250868 2392.000 15.286
100.12322917 27.20915799 2019.000 15.262
100.13988194 27.22580729 2085.000 15.239
100.15653472 27.24245660 2216.000 15.215
100.15653472 27.25910590 2250.000 15.198
100.17318750 27.27575521 2162.000 15.175
100.18984028 27.29240451 2038.000 15.151
100.20649306 27.30905382 1784.000 15.128
100.22314583 27.32570312 1891.000 15.104
100.22314583 27.34235243 1889.000 15.088
100.22314583 27.35900174 1914.000 15.071
100.22314583 27.37565104 1930.000 15.054
100.20649306 27.39230035 1785.000 15.031
100.20649306 27.40894965 1823.000 15.014
100.20649306 27.42559896 1957.000 14.998
100.18984028 27.44224826 2070.000 14.974
100.18984028 27.45889757 2025.000 14.957
100.18984028 27.47554687 1950.000 14.941
100.18984028 27.49219618 2069.000 14.924
100.18984028 27.50884549 2051.000 14.907
100.20649306 27.52549479 2022.000 14.884
100.22314583 27.54214410 1809.000 14.860
100.23979861 27.55879340 1872.000 14.837
100.23979861 27.57544271 1897.000 14.820
100.25645139 27.59209201 1939.000 14.797
100.25645139 27.60874132 1891.000 14.780
100.25645139 27.62539062 2093.000 14.763
100.27310417 27.64203993 2052.000 14.740
100.27310417 27.65868924 1931.000 14.723
100.28975694 27.67533854 1657.000 14.699
100.28975694 27.69198785 1906.000 14.683
100.28975694 27.70863715 2021.000 14.666
100.28975694 27.72528646 1847.000 14.650
100.30640972 27.74193576 1816.000 14.626
100.32306250 27.74193576 1923.000 14.609
100.33971528 27.75858507 1790.000 14.586
100.35636806 27.75858507 1654.000 14.569
100.37302083 27.75858507 1627.000 14.552
100.38967361 27.74193576 1688.000 14.529
100.40632639 27.72528646 1629.000 14.505
100.40632639 27.70863715 1718.000 14.489
100.40632639 27.69198785 1662.000 14.472
100.40632639 27.67533854 1732.000 14.455
100.42297917 27.65868924 1704.000 14.432
100.43963194 27.64203993 1777.000 14.408
100.43963194 27.62539062 1631.000 14.392
100.43963194 27.60874132 1582.000 14.375
100.43963194 27.59209201 1566.000 14.358
100.43963194 27.57544271 1676.000 14.342
100.43963194 27.55879340 1812.000 14.325
100.43963194 27.54214410 1728.000 14.308
100.43963194 27.52549479 1775.000 14.292
100.42297917 27.50884549 2010.000 14.268
100.42297917 27.49219618 1748.000 14.252
100.43963194 27.47554687 1708.000 14.228
100.43963194 27.45889757 1709.000 14.211
100.45628472 27.44224826 1956.000 14.188
100.45628472 27.42559896 1704.000 14.171
100.47293750 27.40894965 1974.000 14.148
100.48959028 27.42559896 1905.000 14.124
100.50624306 27.40894965 1631.000 14.101
100.52289583 27.39230035 1647.000 14.077
100.50624306 27.37565104 1678.000 14.053
100.50624306 27.35900174 1647.000 14.037
100.50624306 27.34235243 1603.000 14.020
100.50624306 27.32570312 1595.000 14.004
100.50624306 27.30905382 1671.000 13.987
100.50624306 27.29240451 1690.000 13.970
100.52289583 27.27575521 1756.000 13.947
100.52289583 27.25910590 1626.000 13.930
100.53954861 27.24245660 1646.000 13.906
100.52289583 27.22580729 1755.000 13.883
100.52289583 27.20915799 1619.000 13.866
100.52289583 27.19250868 1794.000 13.850
100.50624306 27.17585937 1766.000 13.826
100.48959028 27.17585937 1629.000 13.809
100.47293750 27.15921007 1579.000 13.786
100.45628472 27.14256076 1603.000 13.762
100.47293750 27.12591146 1636.000 13.739
100.47293750 27.10926215 1631.000 13.722
100.47293750 27.09261285 1698.000 13.705
100.47293750 27.07596354 1782.000 13.689
100.45628472 27.05931424 1613.000 13.665
100.45628472 27.04266493 1579.000 13.649
100.45628472 27.02601562 1610.000 13.632
100.43963194 27.00936632 1570.000 13.608
100.43963194 26.99271701 1556.000 13.592
100.45628472 26.97606771 1698.000 13.568
100.45628472 26.95941840 1642.000 13.552
100.45628472 26.94276910 1587.000 13.535
100.45628472 26.92611979 1552.000 13.518
100.45628472 26.90947049 1681.000 13.502
100.43963194 26.89282118 1611.000 13.478
100.43963194 26.87617187 1726.000 13.461
100.43963194 26.85952257 1658.000 13.445
100.43963194 26.84287326 1590.000 13.428
100.43963194 26.82622396 1553.000 13.411
100.43963194 26.80957465 1586.000 13.395
100.42297917 26.79292535 1544.000 13.371
100.40632639 26.79292535 1472.000 13.355
100.38967361 26.77627604 1633.000 13.331
100.38967361 26.75962674 1568.000 13.314
100.38967361 26.74297743 1472.000 13.298
100.38967361 26.72632812 1526.000 13.281
100.38967361 26.70967882 1637.000 13.264
100.38967361 26.69302951 1436.000 13.248
100.38967361 26.67638021 1507.000 13.231
100.40632639 26.65973090 1456.000 13.208
100.40632639 26.64308160 1418.000 13.191
100.40632639 26.62643229 1415.000 13.174
100.42297917 26.60978299 1363.000 13.151
100.42297917 26.59313368 1528.000 13.134
100.40632639 26.57648437 1352.000 13.111
100.40632639 26.55983507 1361.000 13.094
100.42297917 26.54318576 1488.000 13.070
100.42297917 26.52653646 1464.000 13.054
100.42297917 26.50988715 1405.000 13.037
100.42297917 26.49323785 1366.000 13.020
100.42297917 26.47658854 1303.000 13.004
100.43963194 26.45993924 1332.000 12.980
100.43963194 26.44328993 1274.000 12.964
100.43963194 26.42664062 1322.000 12.947
100.43963194 26.40999132 1355.000 12.930
100.43963194 26.39334201 1281.000 12.914
100.43963194 26.37669271 1246.000 12.897
100.42297917 26.36004340 1388.000 12.873
100.42297917 26.34339410 1312.000 12.857
100.42297917 26.32674479 1242.000 12.840
100.42297917 26.31009549 1460.000 12.824
100.42297917 26.29344618 1376.000 12.807
100.43963194 26.27679687 1531.000 12.783
100.43963194 26.26014757 1407.000 12.767
100.43963194 26.24349826 1359.000 12.750
100.43963194 26.22684896 1308.000 12.733
100.45628472 26.21019965 1340.000 12.710
100.47293750 26.22684896 1523.000 12.686
100.48959028 26.22684896 1293.000 12.670
100.50624306 26.22684896 1245.000 12.653
100.52289583 26.22684896 1232.000 12.636
100.53954861 26.21019965 1489.000 12.613
100.55620139 26.21019965 1213.000 12.596
100.57285417 26.21019965 1239.000 12.579
100.58950694 26.21019965 1309.000 12.563
100.60615972 26.21019965 1273.000 12.546
100.62281250 26.19355035 1468.000 12.523
100.63946528 26.17690104 1483.000 12.499
100.65611806 26.17690104 1511.000 12.482
100.67277083 26.17690104 1470.000 12.466
100.68942361 26.17690104 1429.000 12.449
100.70607639 26.17690104 1378.000 12.432
100.72272917 26.17690104 1418.000 12.416
100.73938194 26.19355035 1462.000 12.392
100.75603472 26.19355035 1507.000 12.376
100.77268750 26.19355035 1414.000 12.359
100.78934028 26.19355035 1403.000 12.342
100.80599306 26.21019965 1533.000 12.319
100.82264583 26.19355035 1352.000 12.295
100.83929861 26.17690104 1398.000 12.272
100.85595139 26.16025174 1428.000 12.248
100.87260417 26.16025174 1373.000 12.231
100.88925694 26.16025174 1388.000 12.215
100.90590972 26.17690104 1439.000 12.191
100.92256250 26.19355035 1352.000 12.168
100.93921528 26.21019965 1474.000 12.144
100.95586806 26.22684896 1421.000 12.121
100.97252083 26.24349826 1388.000 12.097
100.98917361 26.26014757 1302.000 12.074
101.00582639 26.26014757 1480.000 12.057
101.02247917 26.27679687 1336.000 12.033
101.03913194 26.29344618 1209.000 12.010
101.05578472 26.31009549 1229.000 11.986
101.07243750 26.32674479 1372.000 11.963
101.08909028 26.32674479 1200.000 11.946
101.10574306 26.32674479 1305.000 11.929
101.12239583 26.34339410 1192.000 11.906
101.13904861 26.34339410 1240.000 11.889
101.15570139 26.34339410 1211.000 11.872
101.17235417 26.36004340 1264.000 11.849
101.18900694 26.36004340 1179.000 11.832
101.20565972 26.36004340 1166.000 11.816
101.22231250 26.36004340 1218.000 11.799
101.23896528 26.36004340 1236.000 11.782
101.25561806 26.36004340 1226.000 11.766
101.27227083 26.37669271 1338.000 11.742
101.28892361 26.37669271 1312.000 11.725
101.30557639 26.37669271 1228.000 11.709
101.32222917 26.37669271 1203.000 11.692
101.33888194 26.39334201 1352.000 11.669
101.35553472 26.39334201 1314.000 11.652
101.37218750 26.39334201 1298.000 11.635
101.38884028 26.39334201 1286.000 11.619
101.40549306 26.39334201 1190.000 11.602
101.42214583 26.40999132 1381.000 11.578
101.43879861 26.42664062 1349.000 11.555
101.45545139 26.44328993 1304.000 11.531
101.45545139 26.45993924 1098.000 11.515
101.45545139 26.47658854 1137.000 11.498
101.45545139 26.49323785 1096.000 11.481
101.45545139 26.50988715 1242.000 11.465
101.45545139 26.52653646 1333.000 11.448
101.47210417 26.54318576 1170.000 11.425
101.47210417 26.55983507 1195.000 11.408
101.48875694 26.57648437 1103.000 11.384
101.50540972 26.59313368 1149.000 11.361
101.52206250 26.59313368 1126.000 11.344
101.53871528 26.59313368 1113.000 11.328
101.55536806 26.59313368 1102.000 11.311
101.57202083 26.59313368 1081.000 11.294
101.58867361 26.59313368 1069.000 11.278
101.60532639 26.59313368 1109.000 11.261
101.62197917 26.59313368 1165.000 11.244
101.63863194 26.59313368 1246.000 11.228
101.65528472 26.59313368 1208.000 11.211
101.67193750 26.59313368 1351.000 11.194
101.68859028 26.59313368 1373.000 11.178
101.70524306 26.59313368 1115.000 11.161
101.72189583 26.59313368 1095.000 11.144
101.73854861 26.59313368 1133.000 11.128
101.75520139 26.59313368 1141.000 11.111
101.77185417 26.59313368 1078.000 11.094
101.78850694 26.59313368 1228.000 11.078
101.80515972 26.57648437 1322.000 11.054
101.82181250 26.55983507 1336.000 11.031
101.83846528 26.54318576 1125.000 11.007
101.85511806 26.52653646 1049.000 10.984
101.87177083 26.50988715 1195.000 10.960
101.88842361 26.49323785 1363.000 10.936
101.90507639 26.47658854 1328.000 10.913
101.92172917 26.45993924 1326.000 10.889
101.92172917 26.44328993 1325.000 10.873
101.92172917 26.42664062 1117.000 10.856
101.92172917 26.40999132 1380.000 10.839
101.92172917 26.39334201 1219.000 10.823
101.92172917 26.37669271 1031.000 10.806
101.92172917 26.36004340 1031.000 10.789
101.92172917 26.34339410 1180.000 10.773
101.92172917 26.32674479 1243.000 10.756
101.92172917 26.31009549 1106.000 10.740
101.92172917 26.29344618 1101.000 10.723
101.92172917 26.27679687 1128.000 10.706
101.90507639 26.26014757 1105.000 10.683
101.90507639 26.24349826 1308.000 10.666
101.90507639 26.22684896 1331.000 10.649
101.90507639 26.21019965 1091.000 10.633
101.88842361 26.19355035 1151.000 10.609
101.87177083 26.19355035 1219.000 10.593
101.85511806 26.17690104 1142.000 10.569
101.83846528 26.16025174 1077.000 10.545
101.83846528 26.14360243 1083.000 10.529
101.83846528 26.12695312 1222.000 10.512
101.83846528 26.11030382 1114.000 10.495
101.83846528 26.09365451 1123.000 10.479
101.83846528 26.07700521 1165.000 10.462
101.82181250 26.06035590 1249.000 10.439
101.82181250 26.04370660 1200.000 10.422
101.82181250 26.02705729 1200.000 10.405
101.82181250 26.01040799 1045.000 10.389
101.82181250 25.99375868 1020.000 10.372
101.83846528 25.97710937 1093.000 10.348
101.85511806 25.97710937 1166.000 10.332
101.87177083 25.99375868 1230.000 10.308
101.88842361 25.99375868 1147.000 10.292
101.90507639 25.99375868 1217.000 10.275
101.92172917 25.99375868 1150.000 10.258
101.93838194 25.99375868 1068.000 10.242
101.95503472 25.99375868 1127.000 10.225
101.97168750 25.99375868 1038.000 10.208
101.98834028 25.99375868 1176.000 10.192
102.00499306 25.99375868 1071.000 10.175
102.02164583 25.99375868 1045.000 10.158
102.03829861 25.99375868 1207.000 10.142
102.05495139 25.99375868 1201.000 10.125
102.07160417 25.99375868 1049.000 10.108
102.08825694 26.01040799 1101.000 10.085
102.10490972 26.02705729 1187.000 10.061
102.10490972 26.04370660 1251.000 10.045
102.10490972 26.06035590 1067.000 10.028
102.10490972 26.07700521 1027.000 10.011
102.12156250 26.09365451 1001.000 9.988
102.13821528 26.11030382 1017.000 9.964
102.15486806 26.12695312 952.000 9.941
102.17152083 26.14360243 1021.000 9.917
102.18817361 26.16025174 977.000 9.894
102.20482639 26.17690104 984.000 9.870
102.22147917 26.19355035 1162.000 9.847
102.23813194 26.21019965 1033.000 9.823
102.25478472 26.22684896 1148.000 9.799
102.27143750 26.22684896 1149.000 9.783
102.28809028 26.24349826 1358.000 9.759
102.30474306 26.24349826 1299.000 9.743
102.32139583 26.24349826 1094.000 9.726
102.33804861 26.24349826 1101.000 9.709
102.35470139 26.26014757 1081.000 9.686
102.37135417 26.27679687 1162.000 9.662
102.38800694 26.29344618 1206.000 9.639
102.40465972 26.31009549 1141.000 9.615
102.42131250 26.31009549 1102.000 9.598
102.43796528 26.31009549 1068.000 9.582
102.45461806 26.32674479 1360.000 9.558
102.47127083 26.32674479 1051.000 9.542
102.48792361 26.32674479 1093.000 9.525
102.50457639 26.32674479 1227.000 9.508
102.52122917 26.34339410 1292.000 9.485
102.53788194 26.36004340 1082.000 9.461
102.55453472 26.36004340 1225.000 9.445
102.57118750 26.36004340 1038.000 9.428
102.58784028 26.34339410 1250.000 9.404
102.60449306 26.34339410 1089.000 9.388
102.62114583 26.32674479 1381.000 9.364
102.62114583 26.31009549 1137.000 9.348
102.60449306 26.29344618 1111.000 9.324
102.60449306 26.27679687 1126.000 9.307
102.60449306 26.26014757 996.000 9.291
102.62114583 26.24349826 1075.000 9.267
102.63779861 26.22684896 1213.000 9.244
102.65445139 26.22684896 986.000 9.227
102.67110417 26.21019965 1023.000 9.203
102.68775694 26.21019965 1040.000 9.187
102.70440972 26.21019965 1109.000 9.170
102.72106250 26.22684896 1010.000 9.147
102.72106250 26.24349826 963.000 9.130
102.72106250 26.26014757 935.000 9.113
102.73771528 26.27679687 935.000 9.090
102.75436806 26.27679687 1144.000 9.073
102.77102083 26.29344618 1069.000 9.049
102.78767361 26.31009549 1010.000 9.026
102.80432639 26.31009549 943.000 9.009
102.82097917 26.31009549 961.000 8.993
102.83763194 26.32674479 991.000 8.969
102.85428472 26.34339410 1088.000 8.946
102.87093750 26.36004340 911.000 8.922
102.88759028 26.34339410 948.000 8.898
102.90424306 26.34339410 930.000 8.882
102.92089583 26.34339410 892.000 8.865
102.93754861 26.34339410 968.000 8.848
102.95420139 26.34339410 1074.000 8.832
102.97085417 26.34339410 1016.000 8.815
102.98750694 26.36004340 932.000 8.792
102.98750694 26.37669271 868.000 8.775
102.98750694 26.39334201 910.000 8.758
102.98750694 26.40999132 918.000 8.742
102.98750694 26.42664062 928.000 8.725
102.98750694 26.44328993 923.000 8.708
102.98750694 26.45993924 977.000 8.692
102.98750694 26.47658854 945.000 8.675
103.00415972 26.49323785 1007.000 8.652
103.02081250 26.49323785 849.000 8.635
103.03746528 26.50988715 799.000 8.611
103.03746528 26.52653646 1032.000 8.595
103.03746528 26.54318576 904.000 8.578
103.03746528 26.55983507 745.000 8.561
103.02081250 26.57648437 753.000 8.538
103.02081250 26.59313368 793.000 8.521
103.02081250 26.60978299 785.000 8.505
103.02081250 26.62643229 834.000 8.488
103.02081250 26.64308160 777.000 8.471
103.00415972 26.65973090 933.000 8.448
103.00415972 26.67638021 746.000 8.431
102.98750694 26.69302951 1032.000 8.407
102.98750694 26.70967882 1028.000 8.391
102.98750694 26.72632812 827.000 8.374
102.98750694 26.74297743 755.000 8.358
102.98750694 26.75962674 772.000 8.341
102.97085417 26.77627604 861.000 8.317
102.97085417 26.79292535 751.000 8.301
102.95420139 26.80957465 1034.000 8.277
102.93754861 26.82622396 1037.000 8.254
102.92089583 26.84287326 953.000 8.230
102.90424306 26.85952257 1003.000 8.206
102.90424306 26.87617187 808.000 8.190
102.88759028 26.89282118 926.000 8.166
102.88759028 26.90947049 757.000 8.150
102.88759028 26.92611979 678.000 8.133
102.88759028 26.94276910 670.000 8.116
102.88759028 26.95941840 693.000 8.100
102.88759028 26.97606771 840.000 8.083
102.88759028 26.99271701 872.000 8.066
102.88759028 27.00936632 818.000 8.050
102.87093750 27.02601562 847.000 8.026
102.88759028 27.04266493 1026.000 8.003
102.88759028 27.05931424 881.000 7.986
102.88759028 27.07596354 792.000 7.969
102.90424306 27.09261285 1014.000 7.946
102.90424306 27.10926215 923.000 7.929
102.90424306 27.12591146 774.000 7.912
102.90424306 27.14256076 726.000 7.896
102.90424306 27.15921007 738.000 7.879
102.90424306 27.17585937 783.000 7.863
102.90424306 27.19250868 762.000 7.846
102.90424306 27.20915799 952.000 7.829
102.90424306 27.22580729 1055.000 7.813
102.88759028 27.24245660 935.000 7.789
102.87093750 27.25910590 901.000 7.766
102.87093750 27.27575521 901.000 7.749
102.87093750 27.29240451 893.000 7.732
102.88759028 27.30905382 979.000 7.709
102.88759028 27.32570312 950.000 7.692
102.90424306 27.34235243 875.000 7.668
102.90424306 27.35900174 831.000 7.652
102.92089583 27.37565104 856.000 7.628
102.92089583 27.39230035 897.000 7.612
102.93754861 27.40894965 1041.000 7.588
102.95420139 27.40894965 800.000 7.571
102.95420139 27.39230035 822.000 7.555
102.97085417 27.37565104 754.000 7.531
102.98750694 27.37565104 774.000 7.515
103.00415972 27.37565104 862.000 7.498
103.02081250 27.39230035 819.000 7.474
103.03746528 27.40894965 953.000 7.451
103.05411806 27.40894965 713.000 7.434
103.07077083 27.40894965 679.000 7.418
103.08742361 27.40894965 927.000 7.401
103.10407639 27.40894965 786.000 7.384
103.12072917 27.42559896 943.000 7.361
103.13738194 27.44224826 783.000 7.337
103.13738194 27.45889757 778.000 7.320
103.15403472 27.47554687 960.000 7.297
103.15403472 27.49219618 895.000 7.280
103.17068750 27.50884549 972.000 7.257
103.18734028 27.52549479 704.000 7.233
103.20399306 27.54214410 646.000 7.210
103.20399306 27.55879340 831.000 7.193
103.22064583 27.57544271 681.000 7.169
103.23729861 27.57544271 780.000 7.153
103.25395139 27.57544271 740.000 7.136
103.27060417 27.55879340 906.000 7.113
103.28725694 27.57544271 674.000 7.089
103.28725694 27.59209201 893.000 7.072
103.28725694 27.60874132 760.000 7.056
103.28725694 27.62539062 887.000 7.039
103.28725694 27.64203993 690.000 7.022
103.30390972 27.65868924 713.000 6.999
103.32056250 27.67533854 775.000 6.975
103.33721528 27.67533854 837.000 6.959
103.35386806 27.69198785 619.000 6.935
103.37052083 27.70863715 585.000 6.912
103.38717361 27.72528646 701.000 6.888
103.40382639 27.74193576 669.000 6.864
103.42047917 27.74193576 799.000 6.848
103.43713194 27.75858507 605.000 6.824
103.45378472 27.77523437 700.000 6.801
103.47043750 27.79188368 681.000 6.777
103.48709028 27.80853299 702.000 6.754
103.48709028 27.82518229 867.000 6.737
103.50374306 27.84183160 643.000 6.713
103.50374306 27.85848090 839.000 6.697
103.50374306 27.87513021 816.000 6.680
103.48709028 27.89177951 900.000 6.657
103.48709028 27.90842882 830.000 6.640
103.50374306 27.92507812 652.000 6.616
103.52039583 27.94172743 616.000 6.593
103.53704861 27.95837674 679.000 6.569
103.52039583 27.97502604 620.000 6.546
103.50374306 27.99167535 718.000 6.522
103.48709028 28.00832465 677.000 6.499
103.48709028 28.02497396 652.000 6.482
103.47043750 28.04162326 636.000 6.458
103.45378472 28.02497396 592.000 6.435
103.43713194 28.04162326 783.000 6.411
103.42047917 28.05827257 644.000 6.388
103.43713194 28.07492187 783.000 6.364
103.45378472 28.09157118 753.000 6.341
103.45378472 28.10822049 690.000 6.324
103.47043750 28.12486979 603.000 6.301
103.48709028 28.14151910 518.000 6.277
103.50374306 28.15816840 626.000 6.253
103.52039583 28.17481771 795.000 6.230
103.53704861 28.19146701 634.000 6.206
103.55370139 28.20811632 554.000 6.183
103.55370139 28.22476562 607.000 6.166
103.57035417 28.24141493 719.000 6.143
103.58700694 28.24141493 616.000 6.126
103.60365972 28.24141493 676.000 6.109
103.62031250 28.25806424 619.000 6.086
103.63696528 28.25806424 732.000 6.069
103.65361806 28.25806424 672.000 6.052
103.67027083 28.24141493 633.000 6.029
103.68692361 28.22476562 612.000 6.005
103.70357639 28.20811632 670.000 5.982
103.72022917 28.22476562 506.000 5.958
103.73688194 28.24141493 731.000 5.935
103.75353472 28.24141493 649.000 5.918
103.77018750 28.25806424 658.000 5.894
103.78684028 28.25806424 652.000 5.878
103.80349306 28.27471354 719.000 5.854
103.82014583 28.29136285 689.000 5.831
103.83679861 28.29136285 490.000 5.814
103.85345139 28.30801215 695.000 5.791
103.87010417 28.32466146 501.000 5.767
103.85345139 28.34131076 660.000 5.743
103.85345139 28.35796007 634.000 5.727
103.85345139 28.37460937 578.000 5.710
103.85345139 28.39125868 553.000 5.693
103.83679861 28.40790799 643.000 5.670
103.83679861 28.42455729 520.000 5.653
103.82014583 28.44120660 683.000 5.630
103.82014583 28.45785590 541.000 5.613
103.82014583 28.47450521 645.000 5.596
103.80349306 28.49115451 616.000 5.573
103.78684028 28.50780382 576.000 5.549
103.78684028 28.52445312 524.000 5.533
103.78684028 28.54110243 684.000 5.516
103.78684028 28.55775174 586.000 5.499
103.80349306 28.57440104 579.000 5.476
103.82014583 28.59105035 665.000 5.452
103.82014583 28.60769965 680.000 5.436
103.83679861 28.62434896 651.000 5.412
103.83679861 28.64099826 527.000 5.395
103.85345139 28.65764757 538.000 5.372
103.87010417 28.64099826 544.000 5.348
103.88675694 28.62434896 419.000 5.325
103.90340972 28.62434896 419.000 5.308
103.92006250 28.62434896 408.000 5.291
103.93671528 28.60769965 358.000 5.268
103.95336806 28.60769965 349.000 5.251
103.97002083 28.60769965 373.000 5.235
103.98667361 28.60769965 445.000 5.218
104.00332639 28.62434896 510.000 5.194
104.01997917 28.62434896 551.000 5.178
104.03663194 28.62434896 523.000 5.161
104.05328472 28.62434896 531.000 5.144
104.06993750 28.60769965 529.000 5.121
104.08659028 28.60769965 410.000 5.104
104.10324306 28.62434896 409.000 5.081
104.11989583 28.64099826 386.000 5.057
104.13654861 28.64099826 329.000 5.041
104.15320139 28.64099826 358.000 5.024
104.16985417 28.64099826 388.000 5.007
104.18650694 28.64099826 468.000 4.991
104.20315972 28.64099826 467.000 4.974
104.21981250 28.64099826 423.000 4.957
104.23646528 28.64099826 403.000 4.941
104.25311806 28.64099826 470.000 4.924
104.26977083 28.64099826 371.000 4.907
104.28642361 28.62434896 517.000 4.884
104.30307639 28.62434896 329.000 4.867
104.31972917 28.62434896 418.000 4.850
104.33638194 28.64099826 470.000 4.827
104.35303472 28.64099826 546.000 4.810
104.36968750 28.64099826 512.000 4.794
104.38634028 28.64099826 372.000 4.777
104.40299306 28.62434896 386.000 4.753
104.41964583 28.62434896 349.000 4.737
104.43629861 28.62434896 395.000 4.720
104.45295139 28.64099826 348.000 4.697
104.46960417 28.65764757 380.000 4.673
104.48625694 28.67429687 350.000 4.649
104.50290972 28.67429687 357.000 4.633
104.51956250 28.69094618 306.000 4.609
104.53621528 28.70759549 305.000 4.586
104.55286806 28.70759549 293.000 4.569
104.56952083 28.72424479 294.000 4.546
104.58617361 28.74089410 293.000 4.522
104.60282639 28.75754340 292.000 4.498
104.61947917 28.75754340 302.000 4.482
104.63613194 28.75754340 317.000 4.465
104.65278472 28.75754340 306.000 4.448
104.66943750 28.77419271 320.000 4.425
104.68609028 28.79084201 312.000 4.401
104.70274306 28.79084201 301.000 4.385
104.71939583 28.77419271 292.000 4.361
104.73604861 28.77419271 311.000 4.344
104.75270139 28.79084201 302.000 4.321
104.76935417 28.80749132 300.000 4.297
104.78600694 28.80749132 275.000 4.281
104.80265972 28.80749132 290.000 4.264
104.81931250 28.80749132 301.000 4.247
104.83596528 28.80749132 288.000 4.231
104.85261806 28.80749132 273.000 4.214
104.86927083 28.79084201 304.000 4.191
104.88592361 28.79084201 273.000 4.174
104.90257639 28.77419271 270.000 4.150
104.91922917 28.77419271 292.000 4.134
104.93588194 28.79084201 275.000 4.110
104.95253472 28.80749132 261.000 4.087
104.96918750 28.82414062 274.000 4.063
104.98584028 28.82414062 296.000 4.046
105.00249306 28.82414062 297.000 4.030
105.01914583 28.82414062 266.000 4.013
105.03579861 28.80749132 261.000 3.990
105.03579861 28.79084201 265.000 3.973
105.01914583 28.77419271 258.000 3.949
105.01914583 28.75754340 269.000 3.933
105.03579861 28.74089410 262.000 3.909
105.05245139 28.72424479 283.000 3.886
105.06910417 28.72424479 268.000 3.869
105.08575694 28.72424479 269.000 3.852
105.10240972 28.70759549 279.000 3.829
105.11906250 28.70759549 264.000 3.812
105.13571528 28.72424479 299.000 3.789
105.15236806 28.74089410 269.000 3.765
105.16902083 28.74089410 282.000 3.748
105.18567361 28.74089410 298.000 3.732
105.20232639 28.74089410 286.000 3.715
105.21897917 28.74089410 267.000 3.698
105.23563194 28.74089410 252.000 3.682
105.25228472 28.74089410 258.000 3.665
105.26893750 28.75754340 293.000 3.642
105.28559028 28.77419271 289.000 3.618
105.30224306 28.77419271 290.000 3.601
105.31889583 28.77419271 301.000 3.585
105.33554861 28.77419271 268.000 3.568
105.35220139 28.79084201 275.000 3.545
105.36885417 28.80749132 280.000 3.521
105.38550694 28.82414062 292.000 3.497
105.38550694 28.84078993 295.000 3.481
105.40215972 28.85743924 249.000 3.457
105.41881250 28.87408854 291.000 3.434
105.43546528 28.89073785 269.000 3.410
105.45211806 28.89073785 251.000 3.393
105.46877083 28.89073785 265.000 3.377
105.48542361 28.89073785 241.000 3.360
105.50207639 28.89073785 284.000 3.344
105.51872917 28.89073785 287.000 3.327
105.53538194 28.89073785 237.000 3.310
105.55203472 28.89073785 248.000 3.294
105.56868750 28.89073785 280.000 3.277
105.58534028 28.87408854 288.000 3.253
105.60199306 28.87408854 290.000 3.237
105.61864583 28.87408854 231.000 3.220
105.63529861 28.87408854 234.000 3.203
105.65195139 28.87408854 237.000 3.187
105.66860417 28.87408854 239.000 3.170
105.68525694 28.89073785 299.000 3.147
105.70190972 28.90738715 294.000 3.123
105.71856250 28.90738715 287.000 3.106
105.73521528 28.90738715 240.000 3.090
105.75186806 28.90738715 257.000 3.073
105.76852083 28.90738715 232.000 3.056
105.78517361 28.92403646 290.000 3.033
105.80182639 28.94068576 269.000 3.009
105.81847917 28.95733507 214.000 2.986
105.83513194 28.97398437 221.000 2.962
105.85178472 28.99063368 221.000 2.939
105.86843750 29.00728299 292.000 2.915
105.88509028 29.02393229 276.000 2.892
105.88509028 29.04058160 248.000 2.875
105.90174306 29.05723090 239.000 2.851
105.91839583 29.05723090 245.000 2.835
105.93504861 29.07388021 266.000 2.811
105.95170139 29.09052951 271.000 2.788
105.96835417 29.09052951 288.000 2.771
105.98500694 29.09052951 267.000 2.754
106.00165972 29.10717882 275.000 2.731
106.01831250 29.10717882 267.000 2.714
106.03496528 29.10717882 238.000 2.697
106.05161806 29.10717882 233.000 2.681
106.06827083 29.12382812 265.000 2.657
106.08492361 29.14047743 254.000 2.634
106.10157639 29.15712674 252.000 2.610
106.11822917 29.17377604 228.000 2.587
106.13488194 29.19042535 226.000 2.563
106.15153472 29.20707465 235.000 2.540
106.16818750 29.22372396 214.000 2.516
106.18484028 29.24037326 246.000 2.492
106.20149306 29.25702257 264.000 2.469
106.21814583 29.27367187 226.000 2.445
106.23479861 29.29032118 216.000 2.422
106.25145139 29.29032118 203.000 2.405
106.26810417 29.29032118 244.000 2.388
106.28475694 29.29032118 235.000 2.372
106.30140972 29.29032118 290.000 2.355
106.31806250 29.30697049 282.000 2.332
106.33471528 29.32361979 282.000 2.308
106.35136806 29.34026910 240.000 2.285
106.36802083 29.34026910 217.000 2.268
106.38467361 29.34026910 227.000 2.251
106.40132639 29.34026910 253.000 2.235
106.41797917 29.35691840 198.000 2.211
106.43463194 29.37356771 191.000 2.187
106.45128472 29.39021701 215.000 2.164
106.46793750 29.40686632 217.000 2.140
106.48459028 29.42351562 254.000 2.117
106.50124306 29.44016493 209.000 2.093
106.51789583 29.45681424 219.000 2.070
106.53454861 29.47346354 193.000 2.046
106.55120139 29.49011285 232.000 2.023
106.55120139 29.50676215 239.000 2.006
106.56785417 29.52341146 264.000 1.982
106.56785417 29.54006076 210.000 1.966
106.58450694 29.55671007 231.000 1.942
106.58450694 29.57335937 235.000 1.926
106.60115972 29.59000868 263.000 1.902
106.61781250 29.59000868 265.000 1.885
106.63446528 29.59000868 208.000 1.869
106.65111806 29.59000868 304.000 1.852
106.66777083 29.57335937 215.000 1.829
106.68442361 29.59000868 269.000 1.805
106.70107639 29.59000868 226.000 1.788
106.71772917 29.59000868 192.000 1.772
106.73438194 29.59000868 200.000 1.755
106.75103472 29.59000868 273.000 1.738
106.76768750 29.59000868 261.000 1.722
106.78434028 29.59000868 267.000 1.705
106.80099306 29.59000868 187.000 1.688
106.81764583 29.59000868 176.000 1.672
106.83429861 29.59000868 267.000 1.655
106.85095139 29.60665799 229.000 1.632
106.86760417 29.62330729 172.000 1.608
106.88425694 29.63995660 222.000 1.584
106.88425694 29.65660590 184.000 1.568
106.90090972 29.67325521 185.000 1.544
106.91756250 29.68990451 169.000 1.521
106.93421528 29.70655382 173.000 1.497
106.95086806 29.72320312 217.000 1.474
106.96752083 29.73985243 284.000 1.450
106.98417361 29.75650174 263.000 1.427
107.00082639 29.77315104 188.000 1.403
107.01747917 29.78980035 183.000 1.379
107.03413194 29.78980035 217.000 1.363
107.05078472 29.78980035 255.000 1.346
107.06743750 29.78980035 243.000 1.329
107.08409028 29.77315104 284.000 1.306
107.10074306 29.75650174 285.000 1.282
107.10074306 29.73985243 170.000 1.266
107.11739583 29.72320312 206.000 1.242
107.13404861 29.70655382 186.000 1.219
107.15070139 29.70655382 177.000 1.202
107.16735417 29.70655382 237.000 1.185
107.18400694 29.70655382 259.000 1.169
107.20065972 29.70655382 269.000 1.152
107.21731250 29.70655382 248.000 1.135
107.23396528 29.70655382 210.000 1.119
107.25061806 29.72320312 249.000 1.095
107.26727083 29.72320312 246.000 1.078
107.28392361 29.73985243 259.000 1.055
107.30057639 29.73985243 197.000 1.038
107.31722917 29.73985243 193.000 1.022
107.33388194 29.73985243 233.000 1.005
107.35053472 29.72320312 223.000 0.981
107.36718750 29.72320312 251.000 0.965
107.38384028 29.70655382 237.000 0.941
107.40049306 29.72320312 198.000 0.918
107.40049306 29.73985243 196.000 0.901
107.40049306 29.75650174 196.000 0.884
107.41714583 29.77315104 189.000 0.861
107.43379861 29.78980035 201.000 0.837
107.45045139 29.80644965 230.000 0.814
107.46710417 29.82309896 174.000 0.790
107.48375694 29.83974826 244.000 0.767
107.50040972 29.85639757 240.000 0.743
107.51706250 29.85639757 183.000 0.726
107.53371528 29.85639757 190.000 0.710
107.55036806 29.85639757 204.000 0.693
107.56702083 29.83974826 286.000 0.670
107.58367361 29.83974826 249.000 0.653
107.60032639 29.83974826 229.000 0.636
107.61697917 29.83974826 206.000 0.620
107.63363194 29.83974826 251.000 0.603
107.65028472 29.85639757 276.000 0.579
107.66693750 29.85639757 200.000 0.563
107.68359028 29.85639757 165.000 0.546
107.70024306 29.87304687 178.000 0.523
107.71689583 29.88969618 178.000 0.499
107.73354861 29.90634549 149.000 0.475
107.75020139 29.92299479 146.000 0.452
107.76685417 29.92299479 185.000 0.435
107.78350694 29.93964410 191.000 0.412
107.80015972 29.95629340 171.000 0.388
107.81681250 29.97294271 164.000 0.365
107.83346528 29.98959201 202.000 0.341
107.83346528 30.00624132 197.000 0.324
107.85011806 30.02289062 179.000 0.301
107.85011806 30.03953993 142.000 0.284
107.85011806 30.05618924 158.000 0.268
107.85011806 30.07283854 140.000 0.251
107.85011806 30.08948785 175.000 0.234
107.86677083 30.10613715 159.000 0.211
107.88342361 30.12278646 151.000 0.187
107.90007639 30.12278646 206.000 0.171
107.91672917 30.13943576 197.000 0.147
107.93338194 30.13943576 160.000 0.130
107.93338194 30.15608507 155.000 0.114
107.93338194 30.17273437 176.000 0.097
107.91672917 30.18938368 174.000 0.074
107.93338194 30.20603299 177.000 0.050
107.95003472 30.20603299 173.000 0.033
107.96668750 30.20603299 152.000 0.017
