# x;y;z;distance
94.14488194 33.16960937 4603.000 19.927
94.16153472 33.16960937 4597.000 19.910
94.17818750 33.16960937 4595.000 19.894
94.19484028 33.16960937 4596.000 19.877
94.21149306 33.15296007 4586.000 19.853
94.22814583 33.15296007 4583.000 19.837
94.24479861 33.15296007 4578.000 19.820
94.26145139 33.15296007 4603.000 19.803
94.27810417 33.16960937 4561.000 19.780
94.29475694 33.15296007 4592.000 19.756
94.31140972 33.15296007 4586.000 19.740
94.32806250 33.15296007 4558.000 19.723
94.34471528 33.15296007 4517.000 19.706
94.36136806 33.15296007 4529.000 19.690
94.37802083 33.15296007 4532.000 19.673
94.39467361 33.15296007 4536.000 19.656
94.41132639 33.15296007 4496.000 19.640
94.42797917 33.15296007 4512.000 19.623
94.44463194 33.15296007 4495.000 19.606
94.46128472 33.15296007 4566.000 19.590
94.47793750 33.16960937 4596.000 19.566
94.47793750 33.18625868 4551.000 19.550
94.49459028 33.20290799 4494.000 19.526
94.51124306 33.20290799 4481.000 19.509
94.52789583 33.20290799 4463.000 19.493
94.54454861 33.18625868 4534.000 19.469
94.56120139 33.18625868 4491.000 19.452
94.57785417 33.20290799 4566.000 19.429
94.59450694 33.20290799 4495.000 19.412
94.61115972 33.20290799 4419.000 19.396
94.62781250 33.18625868 4410.000 19.372
94.64446528 33.16960937 4442.000 19.349
94.66111806 33.16960937 4424.000 19.332
94.67777083 33.16960937 4398.000 19.315
94.69442361 33.16960937 4403.000 19.299
94.71107639 33.16960937 4397.000 19.282
94.72772917 33.16960937 4376.000 19.265
94.74438194 33.16960937 4371.000 19.249
94.76103472 33.16960937 4369.000 19.232
94.77768750 33.16960937 4482.000 19.215
94.79434028 33.16960937 4464.000 19.199
94.81099306 33.16960937 4488.000 19.182
94.82764583 33.16960937 4395.000 19.165
94.84429861 33.16960937 4401.000 19.149
94.86095139 33.16960937 4425.000 19.132
94.87760417 33.15296007 4391.000 19.109
94.89425694 33.13631076 4373.000 19.085
94.91090972 33.11966146 4452.000 19.061
94.92756250 33.11966146 4376.000 19.045
94.94421528 33.10301215 4330.000 19.021
94.96086806 33.08636285 4347.000 18.998
94.97752083 33.08636285 4377.000 18.981
94.99417361 33.08636285 4420.000 18.964
95.01082639 33.06971354 4449.000 18.941
95.02747917 33.06971354 4408.000 18.924
95.04413194 33.06971354 4365.000 18.908
95.06078472 33.06971354 4446.000 18.891
95.07743750 33.05306424 4421.000 18.867
95.07743750 33.03641493 4484.000 18.851
95.09409028 33.01976562 4464.000 18.827
95.09409028 33.00311632 4323.000 18.810
95.09409028 32.98646701 4295.000 18.794
95.11074306 32.96981771 4286.000 18.770
95.09409028 32.95316840 4318.000 18.747
95.11074306 32.93651910 4243.000 18.723
95.12739583 32.93651910 4263.000 18.707
95.14404861 32.93651910 4245.000 18.690
95.16070139 32.91986979 4221.000 18.666
95.17735417 32.91986979 4220.000 18.650
95.19400694 32.90322049 4178.000 18.626
95.21065972 32.88657118 4142.000 18.603
95.22731250 32.88657118 4171.000 18.586
95.24396528 32.88657118 4166.000 18.569
95.26061806 32.88657118 4157.000 18.553
95.27727083 32.86992187 4265.000 18.529
95.29392361 32.86992187 4208.000 18.512
95.31057639 32.86992187 4272.000 18.496
95.32722917 32.86992187 4114.000 18.479
95.34388194 32.86992187 4162.000 18.462
95.36053472 32.86992187 4105.000 18.446
95.37718750 32.86992187 4180.000 18.429
95.39384028 32.85327257 4139.000 18.406
95.41049306 32.83662326 4195.000 18.382
95.42714583 32.83662326 4118.000 18.365
95.44379861 32.85327257 4261.000 18.342
95.46045139 32.85327257 4279.000 18.325
95.47710417 32.83662326 4280.000 18.302
95.49375694 32.85327257 4187.000 18.278
95.51040972 32.85327257 4174.000 18.261
95.52706250 32.85327257 4104.000 18.245
95.54371528 32.85327257 4066.000 18.228
95.56036806 32.83662326 4113.000 18.205
95.57702083 32.81997396 4112.000 18.181
95.59367361 32.80332465 4088.000 18.157
95.61032639 32.78667535 4145.000 18.134
95.62697917 32.77002604 4072.000 18.110
95.62697917 32.75337674 4040.000 18.094
95.64363194 32.73672743 4115.000 18.070
95.64363194 32.72007812 4038.000 18.054
95.66028472 32.70342882 4164.000 18.030
95.67693750 32.68677951 4171.000 18.006
95.69359028 32.68677951 4103.000 17.990
95.71024306 32.68677951 4072.000 17.973
95.72689583 32.67013021 4107.000 17.950
95.74354861 32.67013021 3973.000 17.933
95.76020139 32.65348090 4089.000 17.909
95.77685417 32.63683160 4029.000 17.886
95.79350694 32.63683160 4021.000 17.869
95.81015972 32.63683160 3980.000 17.853
95.82681250 32.63683160 4097.000 17.836
95.84346528 32.62018229 4227.000 17.812
95.84346528 32.60353299 4063.000 17.796
95.86011806 32.58688368 4135.000 17.772
95.87677083 32.58688368 4038.000 17.755
95.89342361 32.57023437 4011.000 17.732
95.91007639 32.55358507 3976.000 17.708
95.92672917 32.53693576 3988.000 17.685
95.94338194 32.53693576 4063.000 17.668
95.96003472 32.53693576 3991.000 17.652
95.97668750 32.52028646 3917.000 17.628
95.99334028 32.52028646 3936.000 17.611
96.00999306 32.53693576 4044.000 17.588
96.02664583 32.53693576 3952.000 17.571
96.04329861 32.55358507 3877.000 17.548
96.05995139 32.55358507 3840.000 17.531
96.07660417 32.55358507 3832.000 17.514
96.09325694 32.55358507 3857.000 17.498
96.10990972 32.55358507 3787.000 17.481
96.12656250 32.55358507 3773.000 17.464
96.14321528 32.55358507 3767.000 17.448
96.15986806 32.55358507 3904.000 17.431
96.17652083 32.55358507 3806.000 17.414
96.19317361 32.53693576 3785.000 17.391
96.20982639 32.53693576 3838.000 17.374
96.22647917 32.52028646 3902.000 17.351
96.24313194 32.52028646 3911.000 17.334
96.25978472 32.50363715 3884.000 17.310
96.27643750 32.48698785 3817.000 17.287
96.29309028 32.48698785 3897.000 17.270
96.30974306 32.47033854 3830.000 17.247
96.32639583 32.45368924 3830.000 17.223
96.34304861 32.43703993 3885.000 17.200
96.35970139 32.42039062 3758.000 17.176
96.37635417 32.42039062 3807.000 17.159
96.39300694 32.42039062 3852.000 17.143
96.40965972 32.40374132 3948.000 17.119
96.42631250 32.40374132 3911.000 17.103
96.42631250 32.38709201 3813.000 17.086
96.42631250 32.37044271 3813.000 17.069
96.42631250 32.35379340 3732.000 17.053
96.44296528 32.33714410 3771.000 17.029
96.45961806 32.32049479 3784.000 17.005
96.45961806 32.30384549 3710.000 16.989
96.47627083 32.28719618 3822.000 16.965
96.49292361 32.27054687 3899.000 16.942
96.49292361 32.25389757 3763.000 16.925
96.50957639 32.23724826 3795.000 16.902
96.50957639 32.22059896 3845.000 16.885
96.50957639 32.20394965 3768.000 16.868
96.52622917 32.18730035 3848.000 16.845
96.54288194 32.17065104 3871.000 16.821
96.55953472 32.15400174 3884.000 16.798
96.57618750 32.13735243 3701.000 16.774
96.59284028 32.12070312 3905.000 16.750
96.60949306 32.12070312 3797.000 16.734
96.62614583 32.12070312 3915.000 16.717
96.64279861 32.10405382 3723.000 16.694
96.65945139 32.10405382 3899.000 16.677
96.67610417 32.10405382 3777.000 16.660
96.69275694 32.08740451 3803.000 16.637
96.70940972 32.10405382 3886.000 16.613
96.72606250 32.12070312 3853.000 16.590
96.74271528 32.10405382 3742.000 16.566
96.75936806 32.08740451 3882.000 16.543
96.75936806 32.07075521 3695.000 16.526
96.77602083 32.05410590 3745.000 16.502
96.79267361 32.03745660 3657.000 16.479
96.80932639 32.03745660 3694.000 16.462
96.82597917 32.03745660 3690.000 16.446
96.84263194 32.02080729 3580.000 16.422
96.84263194 32.00415799 3591.000 16.405
96.84263194 31.98750868 3590.000 16.389
96.85928472 31.97085937 3636.000 16.365
96.87593750 31.97085937 3719.000 16.348
96.89259028 31.97085937 3709.000 16.332
96.90924306 31.97085937 3623.000 16.315
96.92589583 31.97085937 3711.000 16.299
96.94254861 31.97085937 3720.000 16.282
96.95920139 31.95421007 3720.000 16.258
96.97585417 31.93756076 3672.000 16.235
96.97585417 31.92091146 3746.000 16.218
96.99250694 31.90426215 3646.000 16.195
96.99250694 31.88761285 3637.000 16.178
96.99250694 31.87096354 3605.000 16.161
97.00915972 31.85431424 3677.000 16.138
97.00915972 31.83766493 3503.000 16.121
97.00915972 31.82101562 3526.000 16.104
97.00915972 31.80436632 3533.000 16.088
97.00915972 31.78771701 3592.000 16.071
97.02581250 31.77106771 3725.000 16.048
97.02581250 31.75441840 3572.000 16.031
97.04246528 31.73776910 3738.000 16.007
97.05911806 31.72111979 3685.000 15.984
97.07577083 31.70447049 3599.000 15.960
97.09242361 31.68782118 3540.000 15.937
97.09242361 31.67117187 3559.000 15.920
97.09242361 31.65452257 3519.000 15.903
97.09242361 31.63787326 3629.000 15.887
97.09242361 31.62122396 3622.000 15.870
97.10907639 31.60457465 3677.000 15.847
97.12572917 31.58792535 3573.000 15.823
97.12572917 31.57127604 3581.000 15.806
97.14238194 31.55462674 3583.000 15.783
97.15903472 31.55462674 3564.000 15.766
97.17568750 31.53797743 3573.000 15.743
97.19234028 31.52132812 3507.000 15.719
97.20899306 31.50467882 3487.000 15.696
97.20899306 31.48802951 3536.000 15.679
97.19234028 31.47138021 3476.000 15.655
97.19234028 31.45473090 3511.000 15.639
97.19234028 31.43808160 3567.000 15.622
97.19234028 31.42143229 3436.000 15.605
97.20899306 31.40478299 3434.000 15.582
97.20899306 31.38813368 3441.000 15.565
97.22564583 31.37148437 3515.000 15.542
97.20899306 31.35483507 3501.000 15.518
97.20899306 31.33818576 3379.000 15.501
97.19234028 31.32153646 3522.000 15.478
97.17568750 31.30488715 3468.000 15.454
97.15903472 31.28823785 3455.000 15.431
97.15903472 31.27158854 3435.000 15.414
97.15903472 31.25493924 3460.000 15.398
97.15903472 31.23828993 3457.000 15.381
97.17568750 31.22164062 3414.000 15.357
97.19234028 31.20499132 3378.000 15.334
97.19234028 31.18834201 3445.000 15.317
97.19234028 31.17169271 3496.000 15.300
97.19234028 31.15504340 3538.000 15.284
97.19234028 31.13839410 3496.000 15.267
97.20899306 31.12174479 3552.000 15.244
97.20899306 31.10509549 3435.000 15.227
97.20899306 31.08844618 3337.000 15.210
97.20899306 31.07179687 3360.000 15.194
97.22564583 31.05514757 3414.000 15.170
97.24229861 31.03849826 3319.000 15.147
97.25895139 31.02184896 3454.000 15.123
97.27560417 31.02184896 3326.000 15.106
97.29225694 31.00519965 3516.000 15.083
97.30890972 30.98855035 3532.000 15.059
97.32556250 30.97190104 3535.000 15.036
97.34221528 30.95525174 3377.000 15.012
97.35886806 30.93860243 3271.000 14.989
97.34221528 30.92195312 3514.000 14.965
97.34221528 30.90530382 3411.000 14.948
97.34221528 30.88865451 3319.000 14.932
97.34221528 30.87200521 3379.000 14.915
97.34221528 30.85535590 3294.000 14.899
97.34221528 30.83870660 3280.000 14.882
97.34221528 30.82205729 3286.000 14.865
97.35886806 30.80540799 3427.000 14.842
97.35886806 30.78875868 3285.000 14.825
97.37552083 30.77210937 3541.000 14.801
97.37552083 30.75546007 3398.000 14.785
97.37552083 30.73881076 3311.000 14.768
97.39217361 30.72216146 3372.000 14.745
97.40882639 30.70551215 3318.000 14.721
97.42547917 30.68886285 3334.000 14.698
97.44213194 30.67221354 3288.000 14.674
97.45878472 30.67221354 3392.000 14.657
97.47543750 30.65556424 3381.000 14.634
97.49209028 30.63891493 3398.000 14.610
97.50874306 30.62226562 3161.000 14.587
97.52539583 30.60561632 3212.000 14.563
97.54204861 30.58896701 3432.000 14.540
97.55870139 30.57231771 3465.000 14.516
97.57535417 30.55566840 3483.000 14.492
97.59200694 30.53901910 3296.000 14.469
97.59200694 30.52236979 3287.000 14.452
97.60865972 30.50572049 3327.000 14.429
97.60865972 30.48907118 3288.000 14.412
97.62531250 30.47242187 3283.000 14.389
97.62531250 30.45577257 3257.000 14.372
97.64196528 30.43912326 3233.000 14.348
97.65861806 30.42247396 3259.000 14.325
97.67527083 30.40582465 3239.000 14.301
97.69192361 30.38917535 3472.000 14.278
97.70857639 30.40582465 3560.000 14.254
97.72522917 30.38917535 3540.000 14.231
97.74188194 30.38917535 3504.000 14.214
97.74188194 30.37252604 3262.000 14.197
97.75853472 30.35587674 3278.000 14.174
97.77518750 30.35587674 3476.000 14.157
97.79184028 30.33922743 3497.000 14.134
97.79184028 30.32257812 3354.000 14.117
97.80849306 30.30592882 3288.000 14.093
97.82514583 30.28927951 3488.000 14.070
97.84179861 30.28927951 3299.000 14.053
97.85845139 30.27263021 3193.000 14.030
97.85845139 30.25598090 3374.000 14.013
97.87510417 30.23933160 3233.000 13.989
97.89175694 30.23933160 3210.000 13.973
97.90840972 30.23933160 3258.000 13.956
97.92506250 30.22268229 3154.000 13.933
97.94171528 30.20603299 3330.000 13.909
97.94171528 30.18938368 3170.000 13.892
97.95836806 30.17273437 3282.000 13.869
97.97502083 30.15608507 3297.000 13.845
97.99167361 30.13943576 3207.000 13.822
97.99167361 30.12278646 3100.000 13.805
97.99167361 30.10613715 3127.000 13.788
97.99167361 30.08948785 3107.000 13.772
97.99167361 30.07283854 3143.000 13.755
98.00832639 30.05618924 3080.000 13.732
98.02497917 30.03953993 3137.000 13.708
98.04163194 30.02289062 3070.000 13.684
98.04163194 30.00624132 3311.000 13.668
98.04163194 29.98959201 3230.000 13.651
98.05828472 29.97294271 2987.000 13.628
98.07493750 29.95629340 3013.000 13.604
98.09159028 29.93964410 3170.000 13.581
98.10824306 29.92299479 3167.000 13.557
98.10824306 29.90634549 3096.000 13.540
98.10824306 29.88969618 2984.000 13.524
98.12489583 29.87304687 3031.000 13.500
98.14154861 29.85639757 3045.000 13.477
98.14154861 29.83974826 2899.000 13.460
98.15820139 29.82309896 2910.000 13.436
98.17485417 29.82309896 3106.000 13.420
98.19150694 29.82309896 3127.000 13.403
98.20815972 29.80644965 2979.000 13.380
98.22481250 29.78980035 2938.000 13.356
98.24146528 29.77315104 2975.000 13.332
98.25811806 29.75650174 2995.000 13.309
98.25811806 29.73985243 2908.000 13.292
98.27477083 29.72320312 3221.000 13.269
98.29142361 29.70655382 2962.000 13.245
98.30807639 29.68990451 3236.000 13.222
98.32472917 29.67325521 3023.000 13.198
98.34138194 29.65660590 3000.000 13.175
98.35803472 29.63995660 2833.000 13.151
98.34138194 29.62330729 3041.000 13.127
98.34138194 29.60665799 2913.000 13.111
98.34138194 29.59000868 2847.000 13.094
98.34138194 29.57335937 2865.000 13.077
98.35803472 29.55671007 2879.000 13.054
98.35803472 29.54006076 2987.000 13.037
98.37468750 29.52341146 3084.000 13.014
98.37468750 29.50676215 2891.000 12.997
98.39134028 29.49011285 2927.000 12.974
98.39134028 29.47346354 2792.000 12.957
98.39134028 29.45681424 2873.000 12.940
98.40799306 29.44016493 2782.000 12.917
98.42464583 29.42351562 2813.000 12.893
98.42464583 29.40686632 2930.000 12.876
98.44129861 29.39021701 2908.000 12.853
98.44129861 29.37356771 3008.000 12.836
98.44129861 29.35691840 2802.000 12.820
98.45795139 29.34026910 2913.000 12.796
98.47460417 29.34026910 2845.000 12.779
98.49125694 29.32361979 2772.000 12.756
98.49125694 29.30697049 2814.000 12.739
98.50790972 29.29032118 2787.000 12.716
98.52456250 29.29032118 2916.000 12.699
98.54121528 29.27367187 2852.000 12.675
98.55786806 29.25702257 2814.000 12.652
98.55786806 29.24037326 2783.000 12.635
98.57452083 29.22372396 2724.000 12.612
98.57452083 29.20707465 2831.000 12.595
98.59117361 29.19042535 2868.000 12.572
98.60782639 29.19042535 2708.000 12.555
98.60782639 29.17377604 2665.000 12.538
98.62447917 29.15712674 2564.000 12.515
98.64113194 29.14047743 2657.000 12.491
98.62447917 29.12382812 2624.000 12.468
98.62447917 29.10717882 2652.000 12.451
98.60782639 29.09052951 2418.000 12.427
98.60782639 29.07388021 2489.000 12.411
98.60782639 29.05723090 2546.000 12.394
98.59117361 29.04058160 2472.000 12.371
98.59117361 29.02393229 2572.000 12.354
98.60782639 29.00728299 2488.000 12.330
98.60782639 28.99063368 2571.000 12.314
98.62447917 28.97398437 2498.000 12.290
98.62447917 28.95733507 2509.000 12.274
98.64113194 28.94068576 2468.000 12.250
98.65778472 28.92403646 2458.000 12.226
98.65778472 28.90738715 2514.000 12.210
98.64113194 28.89073785 2471.000 12.186
98.64113194 28.87408854 2499.000 12.170
98.65778472 28.85743924 2477.000 12.146
98.65778472 28.84078993 2420.000 12.129
98.65778472 28.82414062 2374.000 12.113
98.65778472 28.80749132 2331.000 12.096
98.67443750 28.79084201 2478.000 12.073
98.67443750 28.77419271 2339.000 12.056
98.67443750 28.75754340 2377.000 12.039
98.69109028 28.74089410 2526.000 12.016
98.67443750 28.72424479 2533.000 11.992
98.67443750 28.70759549 2540.000 11.975
98.69109028 28.69094618 2357.000 11.952
98.70774306 28.67429687 2361.000 11.928
98.70774306 28.65764757 2565.000 11.912
98.72439583 28.64099826 2336.000 11.888
98.74104861 28.62434896 2483.000 11.865
98.75770139 28.60769965 2340.000 11.841
98.77435417 28.59105035 2515.000 11.818
98.77435417 28.57440104 2392.000 11.801
98.79100694 28.55775174 2353.000 11.777
98.79100694 28.54110243 2318.000 11.761
98.79100694 28.52445312 2329.000 11.744
98.79100694 28.50780382 2395.000 11.727
98.80765972 28.49115451 2279.000 11.704
98.82431250 28.47450521 2381.000 11.680
98.82431250 28.45785590 2276.000 11.664
98.84096528 28.44120660 2309.000 11.640
98.84096528 28.42455729 2252.000 11.623
98.85761806 28.40790799 2461.000 11.600
98.85761806 28.39125868 2249.000 11.583
98.85761806 28.37460937 2139.000 11.567
98.87427083 28.35796007 2381.000 11.543
98.87427083 28.34131076 2282.000 11.526
98.87427083 28.32466146 2132.000 11.510
98.85761806 28.30801215 2306.000 11.486
98.85761806 28.29136285 2152.000 11.470
98.85761806 28.27471354 2173.000 11.453
98.85761806 28.25806424 2220.000 11.436
98.85761806 28.24141493 2111.000 11.420
98.85761806 28.22476562 2158.000 11.403
98.85761806 28.20811632 2191.000 11.386
98.85761806 28.19146701 2360.000 11.370
98.87427083 28.17481771 2238.000 11.346
98.87427083 28.15816840 2168.000 11.329
98.89092361 28.14151910 2169.000 11.306
98.90757639 28.12486979 2243.000 11.282
98.92422917 28.10822049 2178.000 11.259
98.92422917 28.09157118 2170.000 11.242
98.92422917 28.07492187 2034.000 11.226
98.90757639 28.05827257 2081.000 11.202
98.90757639 28.04162326 2043.000 11.185
98.90757639 28.02497396 2038.000 11.169
98.90757639 28.00832465 2164.000 11.152
98.90757639 27.99167535 2052.000 11.135
98.90757639 27.97502604 2097.000 11.119
98.90757639 27.95837674 2080.000 11.102
98.92422917 27.94172743 2097.000 11.079
98.94088194 27.92507812 2176.000 11.055
98.94088194 27.90842882 2052.000 11.038
98.95753472 27.90842882 2096.000 11.022
98.97418750 27.89177951 2073.000 10.998
98.99084028 27.89177951 2073.000 10.981
99.00749306 27.87513021 1987.000 10.958
99.00749306 27.85848090 2005.000 10.941
99.02414583 27.84183160 1990.000 10.918
99.04079861 27.82518229 2013.000 10.894
99.04079861 27.80853299 1903.000 10.878
99.02414583 27.79188368 2003.000 10.854
99.04079861 27.77523437 1877.000 10.830
99.04079861 27.75858507 1879.000 10.814
99.04079861 27.74193576 1873.000 10.797
99.04079861 27.72528646 2026.000 10.780
99.04079861 27.70863715 1941.000 10.764
99.04079861 27.69198785 1948.000 10.747
99.04079861 27.67533854 1866.000 10.731
99.02414583 27.65868924 2028.000 10.707
99.00749306 27.64203993 1971.000 10.683
99.02414583 27.62539062 2012.000 10.660
99.00749306 27.60874132 1977.000 10.636
99.02414583 27.59209201 1836.000 10.613
99.02414583 27.57544271 1853.000 10.596
99.04079861 27.55879340 1960.000 10.573
99.02414583 27.54214410 1917.000 10.549
99.00749306 27.52549479 1955.000 10.526
99.02414583 27.50884549 1855.000 10.502
99.04079861 27.49219618 1962.000 10.478
99.04079861 27.47554687 1819.000 10.462
99.04079861 27.45889757 1831.000 10.445
99.05745139 27.44224826 1890.000 10.422
99.05745139 27.42559896 1813.000 10.405
99.07410417 27.40894965 1947.000 10.381
99.07410417 27.39230035 1785.000 10.365
99.09075694 27.37565104 1833.000 10.341
99.09075694 27.35900174 1828.000 10.325
99.09075694 27.34235243 1781.000 10.308
99.10740972 27.32570312 2007.000 10.284
99.10740972 27.30905382 1837.000 10.268
99.10740972 27.29240451 1855.000 10.251
99.10740972 27.27575521 1849.000 10.234
99.09075694 27.25910590 1859.000 10.211
99.07410417 27.24245660 1847.000 10.187
99.09075694 27.22580729 1959.000 10.164
99.09075694 27.20915799 1801.000 10.147
99.10740972 27.19250868 1917.000 10.124
99.12406250 27.19250868 2010.000 10.107
99.14071528 27.19250868 1922.000 10.090
99.15736806 27.17585937 1895.000 10.067
99.15736806 27.15921007 1787.000 10.050
99.15736806 27.14256076 1682.000 10.033
99.15736806 27.12591146 1703.000 10.017
99.17402083 27.10926215 1846.000 9.993
99.17402083 27.09261285 1794.000 9.977
99.17402083 27.07596354 1777.000 9.960
99.17402083 27.05931424 1802.000 9.943
99.15736806 27.04266493 1830.000 9.920
99.15736806 27.02601562 1877.000 9.903
99.15736806 27.00936632 1840.000 9.886
99.15736806 26.99271701 1820.000 9.870
99.15736806 26.97606771 1837.000 9.853
99.17402083 26.95941840 1745.000 9.830
99.17402083 26.94276910 1758.000 9.813
99.17402083 26.92611979 1734.000 9.796
99.19067361 26.90947049 1864.000 9.773
99.19067361 26.89282118 1768.000 9.756
99.19067361 26.87617187 1747.000 9.739
99.17402083 26.85952257 1744.000 9.716
99.15736806 26.84287326 1817.000 9.692
99.15736806 26.82622396 1774.000 9.676
99.15736806 26.80957465 1784.000 9.659
99.15736806 26.79292535 1816.000 9.642
99.15736806 26.77627604 1812.000 9.626
99.14071528 26.75962674 1771.000 9.602
99.14071528 26.74297743 1738.000 9.586
99.14071528 26.72632812 1721.000 9.569
99.15736806 26.70967882 1756.000 9.545
99.15736806 26.69302951 1787.000 9.529
99.15736806 26.67638021 1703.000 9.512
99.14071528 26.65973090 1849.000 9.488
99.14071528 26.64308160 1743.000 9.472
99.14071528 26.62643229 1695.000 9.455
99.14071528 26.60978299 1772.000 9.439
99.14071528 26.59313368 1758.000 9.422
99.12406250 26.57648437 1743.000 9.398
99.10740972 26.55983507 1743.000 9.375
99.10740972 26.54318576 1683.000 9.358
99.09075694 26.52653646 1763.000 9.335
99.10740972 26.50988715 1741.000 9.311
99.12406250 26.49323785 1867.000 9.287
99.14071528 26.49323785 1748.000 9.271
99.14071528 26.47658854 1581.000 9.254
99.14071528 26.45993924 1604.000 9.238
99.14071528 26.44328993 1727.000 9.221
99.14071528 26.42664062 1672.000 9.204
99.14071528 26.40999132 1637.000 9.188
99.14071528 26.39334201 1623.000 9.171
99.14071528 26.37669271 1611.000 9.154
99.14071528 26.36004340 1752.000 9.138
99.14071528 26.34339410 1608.000 9.121
99.14071528 26.32674479 1718.000 9.104
99.14071528 26.31009549 1669.000 9.088
99.14071528 26.29344618 1712.000 9.071
99.14071528 26.27679687 1600.000 9.054
99.12406250 26.26014757 1745.000 9.031
99.14071528 26.24349826 1664.000 9.007
99.14071528 26.22684896 1613.000 8.991
99.12406250 26.21019965 1684.000 8.967
99.12406250 26.19355035 1584.000 8.950
99.14071528 26.17690104 1648.000 8.927
99.14071528 26.16025174 1610.000 8.910
99.12406250 26.14360243 1582.000 8.887
99.12406250 26.12695312 1540.000 8.870
99.12406250 26.11030382 1657.000 8.853
99.12406250 26.09365451 1479.000 8.837
99.12406250 26.07700521 1446.000 8.820
99.12406250 26.06035590 1528.000 8.803
99.12406250 26.04370660 1547.000 8.787
99.14071528 26.02705729 1644.000 8.763
99.14071528 26.01040799 1566.000 8.747
99.14071528 25.99375868 1532.000 8.730
99.14071528 25.97710937 1596.000 8.713
99.14071528 25.96046007 1605.000 8.697
99.14071528 25.94381076 1641.000 8.680
99.15736806 25.92716146 1613.000 8.656
99.15736806 25.91051215 1655.000 8.640
99.14071528 25.89386285 1578.000 8.616
99.15736806 25.87721354 1514.000 8.593
99.15736806 25.86056424 1529.000 8.576
99.17402083 25.84391493 1440.000 8.553
99.19067361 25.82726562 1431.000 8.529
99.19067361 25.81061632 1447.000 8.512
99.20732639 25.79396701 1382.000 8.489
99.22397917 25.77731771 1489.000 8.465
99.24063194 25.76066840 1560.000 8.442
99.24063194 25.74401910 1438.000 8.425
99.24063194 25.72736979 1490.000 8.408
99.24063194 25.71072049 1583.000 8.392
99.25728472 25.69407118 1541.000 8.368
99.25728472 25.67742187 1476.000 8.352
99.25728472 25.66077257 1590.000 8.335
99.27393750 25.64412326 1538.000 8.311
99.27393750 25.62747396 1523.000 8.295
99.29059028 25.61082465 1480.000 8.271
99.30724306 25.61082465 1634.000 8.254
99.32389583 25.61082465 1623.000 8.238
99.32389583 25.59417535 1471.000 8.221
99.34054861 25.57752604 1630.000 8.198
99.34054861 25.56087674 1603.000 8.181
99.34054861 25.54422743 1399.000 8.164
99.32389583 25.52757812 1458.000 8.141
99.32389583 25.51092882 1439.000 8.124
99.32389583 25.49427951 1468.000 8.107
99.34054861 25.47763021 1406.000 8.084
99.35720139 25.46098090 1487.000 8.060
99.34054861 25.44433160 1431.000 8.037
99.34054861 25.42768229 1395.000 8.020
99.32389583 25.41103299 1385.000 7.997
99.30724306 25.42768229 1350.000 7.973
99.29059028 25.41103299 1444.000 7.950
99.29059028 25.39438368 1360.000 7.933
99.29059028 25.37773437 1354.000 7.916
99.29059028 25.36108507 1397.000 7.900
99.30724306 25.34443576 1417.000 7.876
99.32389583 25.32778646 1470.000 7.852
99.32389583 25.31113715 1395.000 7.836
99.34054861 25.29448785 1444.000 7.812
99.35720139 25.29448785 1442.000 7.796
99.37385417 25.27783854 1467.000 7.772
99.37385417 25.26118924 1389.000 7.755
99.39050694 25.24453993 1487.000 7.732
99.39050694 25.22789062 1434.000 7.715
99.40715972 25.21124132 1428.000 7.692
99.42381250 25.21124132 1510.000 7.675
99.44046528 25.19459201 1443.000 7.652
99.45711806 25.17794271 1412.000 7.628
99.47377083 25.16129340 1470.000 7.604
99.49042361 25.14464410 1345.000 7.581
99.50707639 25.12799479 1255.000 7.557
99.52372917 25.11134549 1380.000 7.534
99.54038194 25.12799479 1400.000 7.510
99.55703472 25.12799479 1380.000 7.494
99.57368750 25.11134549 1378.000 7.470
99.59034028 25.11134549 1336.000 7.453
99.60699306 25.11134549 1340.000 7.437
99.62364583 25.09469618 1328.000 7.413
99.64029861 25.07804687 1297.000 7.390
99.65695139 25.06139757 1282.000 7.366
99.67360417 25.04474826 1345.000 7.343
99.69025694 25.02809896 1324.000 7.319
99.69025694 25.01144965 1382.000 7.302
99.70690972 24.99480035 1298.000 7.279
99.72356250 24.97815104 1220.000 7.255
99.74021528 24.96150174 1240.000 7.232
99.74021528 24.94485243 1316.000 7.215
99.74021528 24.92820312 1300.000 7.198
99.74021528 24.91155382 1341.000 7.182
99.74021528 24.89490451 1338.000 7.165
99.75686806 24.87825521 1280.000 7.142
99.77352083 24.87825521 1315.000 7.125
99.79017361 24.87825521 1250.000 7.108
99.80682639 24.86160590 1193.000 7.085
99.82347917 24.84495660 1195.000 7.061
99.84013194 24.82830729 1163.000 7.038
99.84013194 24.81165799 1193.000 7.021
99.85678472 24.79500868 1201.000 6.997
99.85678472 24.77835937 1253.000 6.981
99.87343750 24.76171007 1204.000 6.957
99.89009028 24.76171007 1154.000 6.941
99.90674306 24.76171007 1237.000 6.924
99.92339583 24.76171007 1248.000 6.907
99.94004861 24.74506076 1267.000 6.884
99.95670139 24.74506076 1201.000 6.867
99.97335417 24.74506076 1210.000 6.850
99.99000694 24.74506076 1218.000 6.834
100.00665972 24.74506076 1301.000 6.817
100.02331250 24.74506076 1263.000 6.800
100.03996528 24.74506076 1257.000 6.784
100.05661806 24.72841146 1270.000 6.760
100.07327083 24.72841146 1208.000 6.744
100.08992361 24.71176215 1254.000 6.720
100.08992361 24.69511285 1237.000 6.703
100.08992361 24.67846354 1198.000 6.687
100.10657639 24.66181424 1172.000 6.663
100.12322917 24.67846354 1280.000 6.640
100.13988194 24.69511285 1219.000 6.616
100.15653472 24.71176215 1301.000 6.593
100.17318750 24.72841146 1218.000 6.569
100.18984028 24.74506076 1152.000 6.545
100.20649306 24.74506076 1163.000 6.529
100.22314583 24.74506076 1162.000 6.512
100.23979861 24.74506076 1168.000 6.495
100.25645139 24.74506076 1283.000 6.479
100.27310417 24.76171007 1168.000 6.455
100.28975694 24.76171007 1139.000 6.439
100.30640972 24.76171007 1118.000 6.422
100.32306250 24.76171007 1160.000 6.405
100.33971528 24.74506076 1211.000 6.382
100.35636806 24.72841146 1191.000 6.358
100.37302083 24.72841146 1160.000 6.342
100.38967361 24.71176215 1209.000 6.318
100.40632639 24.69511285 1129.000 6.294
100.42297917 24.67846354 1046.000 6.271
100.43963194 24.66181424 1127.000 6.247
100.45628472 24.64516493 1119.000 6.224
100.47293750 24.62851562 1223.000 6.200
100.48959028 24.61186632 1201.000 6.177
100.50624306 24.59521701 1166.000 6.153
100.50624306 24.57856771 1187.000 6.137
100.50624306 24.56191840 1217.000 6.120
100.50624306 24.54526910 1094.000 6.103
100.50624306 24.52861979 1025.000 6.087
100.52289583 24.51197049 1083.000 6.063
100.53954861 24.49532118 1090.000 6.039
100.53954861 24.47867187 1076.000 6.023
100.52289583 24.46202257 1090.000 5.999
100.50624306 24.44537326 1021.000 5.976
100.50624306 24.42872396 1040.000 5.959
100.50624306 24.41207465 1044.000 5.942
100.50624306 24.39542535 1039.000 5.926
100.50624306 24.37877604 999.000 5.909
100.50624306 24.36212674 1022.000 5.892
100.50624306 24.34547743 1022.000 5.876
100.50624306 24.32882812 985.000 5.859
100.50624306 24.31217882 989.000 5.843
100.50624306 24.29552951 972.000 5.826
100.50624306 24.27888021 989.000 5.809
100.50624306 24.26223090 1028.000 5.793
100.50624306 24.24558160 1013.000 5.776
100.50624306 24.22893229 1047.000 5.759
100.50624306 24.21228299 1025.000 5.743
100.50624306 24.19563368 1118.000 5.726
100.50624306 24.17898437 1002.000 5.709
100.50624306 24.16233507 964.000 5.693
100.50624306 24.14568576 952.000 5.676
100.50624306 24.12903646 993.000 5.659
100.48959028 24.11238715 1024.000 5.636
100.48959028 24.09573785 931.000 5.619
100.48959028 24.07908854 1109.000 5.603
100.48959028 24.06243924 1225.000 5.586
100.47293750 24.04578993 1225.000 5.562
100.47293750 24.02914062 1132.000 5.546
100.45628472 24.01249132 1067.000 5.522
100.43963194 23.99584201 1022.000 5.499
100.42297917 23.97919271 962.000 5.475
100.40632639 23.96254340 1059.000 5.452
100.40632639 23.94589410 907.000 5.435
100.40632639 23.92924479 905.000 5.418
100.38967361 23.91259549 1099.000 5.395
100.37302083 23.89594618 1008.000 5.371
100.35636806 23.87929687 1039.000 5.348
100.33971528 23.86264757 1029.000 5.324
100.32306250 23.84599826 1137.000 5.300
100.30640972 23.82934896 1090.000 5.277
100.28975694 23.81269965 1186.000 5.253
100.28975694 23.79605035 1073.000 5.237
100.27310417 23.77940104 1093.000 5.213
100.27310417 23.76275174 974.000 5.197
100.27310417 23.74610243 915.000 5.180
100.27310417 23.72945312 997.000 5.163
100.27310417 23.71280382 1099.000 5.147
100.28975694 23.69615451 1084.000 5.123
100.30640972 23.69615451 1131.000 5.106
100.32306250 23.67950521 1141.000 5.083
100.32306250 23.66285590 1187.000 5.066
100.33971528 23.64620660 1158.000 5.043
100.32306250 23.62955729 1047.000 5.019
100.30640972 23.61290799 1021.000 4.996
100.28975694 23.59625868 1005.000 4.972
100.27310417 23.57960937 1034.000 4.948
100.27310417 23.56296007 1040.000 4.932
100.25645139 23.54631076 1013.000 4.908
100.23979861 23.54631076 986.000 4.892
100.22314583 23.54631076 1031.000 4.875
100.20649306 23.54631076 994.000 4.858
100.18984028 23.54631076 1047.000 4.842
100.17318750 23.54631076 914.000 4.825
100.15653472 23.52966146 1016.000 4.801
100.15653472 23.51301215 1066.000 4.785
100.15653472 23.49636285 1083.000 4.768
100.13988194 23.47971354 961.000 4.745
100.13988194 23.46306424 889.000 4.728
100.12322917 23.44641493 917.000 4.704
100.10657639 23.42976562 885.000 4.681
100.08992361 23.41311632 926.000 4.657
100.08992361 23.39646701 943.000 4.641
100.08992361 23.37981771 969.000 4.624
100.07327083 23.36316840 924.000 4.600
100.07327083 23.34651910 869.000 4.584
100.07327083 23.32986979 858.000 4.567
100.08992361 23.31322049 887.000 4.544
100.08992361 23.29657118 816.000 4.527
100.08992361 23.27992187 799.000 4.510
100.08992361 23.26327257 889.000 4.494
100.07327083 23.24662326 864.000 4.470
100.05661806 23.22997396 901.000 4.447
100.03996528 23.21332465 886.000 4.423
100.05661806 23.19667535 879.000 4.399
100.07327083 23.19667535 820.000 4.383
100.08992361 23.18002604 983.000 4.359
100.10657639 23.18002604 854.000 4.343
100.12322917 23.16337674 868.000 4.319
100.12322917 23.14672743 874.000 4.302
100.12322917 23.13007812 865.000 4.286
100.12322917 23.11342882 884.000 4.269
100.13988194 23.09677951 831.000 4.246
100.15653472 23.08013021 824.000 4.222
100.15653472 23.06348090 751.000 4.205
100.17318750 23.04683160 827.000 4.182
100.18984028 23.03018229 836.000 4.158
100.20649306 23.01353299 861.000 4.135
100.22314583 23.01353299 832.000 4.118
100.23979861 22.99688368 904.000 4.095
100.25645139 22.99688368 844.000 4.078
100.27310417 22.98023437 859.000 4.054
100.28975694 22.96358507 746.000 4.031
100.30640972 22.94693576 787.000 4.007
100.28975694 22.93028646 872.000 3.984
100.28975694 22.91363715 754.000 3.967
100.30640972 22.89698785 694.000 3.943
100.32306250 22.88033854 746.000 3.920
100.33971528 22.86368924 797.000 3.896
100.33971528 22.84703993 814.000 3.880
100.33971528 22.83039062 727.000 3.863
100.35636806 22.81374132 735.000 3.840
100.35636806 22.79709201 810.000 3.823
100.37302083 22.78044271 806.000 3.799
100.37302083 22.76379340 752.000 3.783
100.37302083 22.74714410 754.000 3.766
100.37302083 22.73049479 811.000 3.749
100.37302083 22.71384549 775.000 3.733
100.37302083 22.69719618 815.000 3.716
100.38967361 22.68054687 770.000 3.693
100.40632639 22.66389757 828.000 3.669
100.42297917 22.64724826 852.000 3.645
100.43963194 22.63059896 754.000 3.622
100.45628472 22.61394965 761.000 3.598
100.47293750 22.59730035 726.000 3.575
100.48959028 22.58065104 777.000 3.551
100.50624306 22.58065104 849.000 3.535
100.52289583 22.56400174 801.000 3.511
100.53954861 22.56400174 769.000 3.494
100.55620139 22.54735243 710.000 3.471
100.57285417 22.53070312 765.000 3.447
100.58950694 22.51405382 787.000 3.424
100.58950694 22.49740451 668.000 3.407
100.58950694 22.48075521 759.000 3.390
100.58950694 22.46410590 723.000 3.374
100.58950694 22.44745660 760.000 3.357
100.57285417 22.43080729 809.000 3.334
100.58950694 22.41415799 701.000 3.310
100.60615972 22.39750868 698.000 3.287
100.62281250 22.38085937 701.000 3.263
100.62281250 22.36421007 711.000 3.246
100.62281250 22.34756076 766.000 3.230
100.62281250 22.33091146 747.000 3.213
100.60615972 22.31426215 692.000 3.189
100.60615972 22.29761285 734.000 3.173
100.62281250 22.28096354 744.000 3.149
100.63946528 22.28096354 760.000 3.133
100.65611806 22.28096354 815.000 3.116
100.67277083 22.28096354 743.000 3.099
100.68942361 22.26431424 686.000 3.076
100.70607639 22.24766493 655.000 3.052
100.70607639 22.23101562 745.000 3.036
100.70607639 22.21436632 711.000 3.019
100.70607639 22.19771701 702.000 3.002
100.72272917 22.18106771 728.000 2.979
100.72272917 22.16441840 751.000 2.962
100.70607639 22.14776910 771.000 2.939
100.72272917 22.13111979 712.000 2.915
100.73938194 22.11447049 725.000 2.891
100.75603472 22.11447049 752.000 2.875
100.77268750 22.11447049 679.000 2.858
100.77268750 22.09782118 670.000 2.841
100.75603472 22.08117187 684.000 2.818
100.75603472 22.06452257 653.000 2.801
100.77268750 22.04787326 643.000 2.778
100.78934028 22.03122396 559.000 2.754
100.80599306 22.01457465 543.000 2.731
100.82264583 21.99792535 541.000 2.707
100.83929861 21.98127604 703.000 2.684
100.85595139 21.96462674 670.000 2.660
100.87260417 21.94797743 606.000 2.636
100.88925694 21.93132812 633.000 2.613
100.90590972 21.91467882 616.000 2.589
100.92256250 21.89802951 586.000 2.566
100.93921528 21.88138021 541.000 2.542
100.95586806 21.86473090 538.000 2.519
100.97252083 21.84808160 572.000 2.495
100.98917361 21.84808160 620.000 2.478
101.00582639 21.84808160 686.000 2.462
101.02247917 21.84808160 613.000 2.445
101.03913194 21.84808160 642.000 2.429
101.05578472 21.83143229 648.000 2.405
101.05578472 21.81478299 678.000 2.388
101.05578472 21.79813368 646.000 2.372
101.07243750 21.78148437 709.000 2.348
101.05578472 21.76483507 645.000 2.325
101.03913194 21.74818576 604.000 2.301
101.02247917 21.73153646 610.000 2.277
101.00582639 21.71488715 628.000 2.254
100.98917361 21.71488715 675.000 2.237
100.97252083 21.69823785 661.000 2.214
100.95586806 21.68158854 702.000 2.190
100.93921528 21.66493924 722.000 2.167
100.92256250 21.64828993 691.000 2.143
100.90590972 21.63164062 687.000 2.120
100.88925694 21.63164062 655.000 2.103
100.87260417 21.61499132 684.000 2.079
100.85595139 21.59834201 725.000 2.056
100.83929861 21.58169271 671.000 2.032
100.82264583 21.56504340 650.000 2.009
100.80599306 21.54839410 689.000 1.985
100.78934028 21.53174479 716.000 1.962
100.77268750 21.51509549 611.000 1.938
100.75603472 21.49844618 626.000 1.915
100.73938194 21.48179687 590.000 1.891
100.72272917 21.46514757 561.000 1.867
100.70607639 21.44849826 564.000 1.844
100.70607639 21.43184896 587.000 1.827
100.70607639 21.41519965 561.000 1.811
100.70607639 21.39855035 546.000 1.794
100.72272917 21.38190104 634.000 1.770
100.72272917 21.36525174 587.000 1.754
100.72272917 21.34860243 598.000 1.737
100.72272917 21.33195312 537.000 1.720
100.72272917 21.31530382 526.000 1.704
100.70607639 21.29865451 570.000 1.680
100.70607639 21.28200521 552.000 1.664
100.70607639 21.26535590 513.000 1.647
100.70607639 21.24870660 519.000 1.630
100.70607639 21.23205729 586.000 1.614
100.68942361 21.21540799 593.000 1.590
100.68942361 21.19875868 570.000 1.573
100.68942361 21.18210937 556.000 1.557
100.67277083 21.16546007 591.000 1.533
100.67277083 21.14881076 570.000 1.517
100.65611806 21.13216146 559.000 1.493
100.63946528 21.11551215 525.000 1.469
100.62281250 21.09886285 583.000 1.446
100.62281250 21.08221354 520.000 1.429
100.60615972 21.06556424 552.000 1.406
100.60615972 21.04891493 481.000 1.389
100.58950694 21.03226562 496.000 1.366
100.57285417 21.03226562 564.000 1.349
100.55620139 21.01561632 594.000 1.325
100.55620139 20.99896701 547.000 1.309
100.53954861 20.98231771 592.000 1.285
100.52289583 20.96566840 575.000 1.262
100.52289583 20.94901910 539.000 1.245
100.52289583 20.93236979 576.000 1.228
100.50624306 20.91572049 538.000 1.205
100.50624306 20.89907118 516.000 1.188
100.50624306 20.88242187 486.000 1.171
100.48959028 20.86577257 496.000 1.148
100.47293750 20.84912326 489.000 1.124
100.45628472 20.83247396 426.000 1.101
100.43963194 20.83247396 447.000 1.084
100.42297917 20.83247396 456.000 1.068
100.40632639 20.81582465 512.000 1.044
100.38967361 20.81582465 449.000 1.027
100.37302083 20.79917535 451.000 1.004
100.35636806 20.78252604 462.000 0.980
100.33971528 20.78252604 492.000 0.964
100.32306250 20.78252604 441.000 0.947
100.30640972 20.78252604 497.000 0.930
100.28975694 20.76587674 506.000 0.907
100.27310417 20.74922743 539.000 0.883
100.25645139 20.74922743 476.000 0.867
100.23979861 20.73257812 489.000 0.843
100.22314583 20.71592882 418.000 0.819
100.20649306 20.69927951 436.000 0.796
100.18984028 20.68263021 491.000 0.772
100.18984028 20.66598090 412.000 0.756
100.17318750 20.64933160 441.000 0.732
100.17318750 20.63268229 446.000 0.715
100.15653472 20.61603299 534.000 0.692
100.15653472 20.59938368 507.000 0.675
100.15653472 20.58273437 455.000 0.659
100.15653472 20.56608507 540.000 0.642
100.13988194 20.54943576 498.000 0.618
100.13988194 20.53278646 406.000 0.602
100.13988194 20.51613715 384.000 0.585
100.13988194 20.49948785 397.000 0.568
100.13988194 20.48283854 393.000 0.552
100.12322917 20.46618924 389.000 0.528
100.12322917 20.44953993 373.000 0.512
100.12322917 20.43289062 370.000 0.495
100.10657639 20.41624132 380.000 0.471
100.10657639 20.39959201 368.000 0.455
100.10657639 20.38294271 374.000 0.438
100.10657639 20.36629340 373.000 0.421
100.10657639 20.34964410 370.000 0.405
100.10657639 20.33299479 375.000 0.388
100.10657639 20.31634549 371.000 0.372
100.10657639 20.29969618 375.000 0.355
100.10657639 20.28304687 374.000 0.338
100.10657639 20.26639757 365.000 0.322
100.10657639 20.24974826 375.000 0.305
100.08992361 20.23309896 367.000 0.281
100.07327083 20.21644965 367.000 0.258
100.07327083 20.19980035 365.000 0.241
100.07327083 20.18315104 366.000 0.225
100.07327083 20.16650174 371.000 0.208
100.05661806 20.14985243 370.000 0.184
100.03996528 20.13320312 377.000 0.161
100.02331250 20.11655382 381.000 0.137
100.00665972 20.09990451 381.000 0.114
100.00665972 20.08325521 380.000 0.097
99.99000694 20.08325521 375.000 0.080
99.97335417 20.06660590 377.000 0.057
99.95670139 20.04995660 377.000 0.033
99.95670139 20.03330729 380.000 0.017
