# x;y;z;distance
91.98002083 32.40374132 4790.000 22.511
91.96336806 32.40374132 4785.000 22.494
91.94671528 32.38709201 4762.000 22.471
91.93006250 32.37044271 4781.000 22.447
91.91340972 32.35379340 4741.000 22.423
91.89675694 32.33714410 4720.000 22.400
91.88010417 32.32049479 4715.000 22.376
91.88010417 32.30384549 4727.000 22.360
91.88010417 32.28719618 4676.000 22.343
91.88010417 32.27054687 4664.000 22.326
91.88010417 32.25389757 4653.000 22.310
91.86345139 32.25389757 4653.000 22.293
91.84679861 32.23724826 4647.000 22.270
91.83014583 32.23724826 4639.000 22.253
91.81349306 32.23724826 4635.000 22.236
91.79684028 32.23724826 4632.000 22.220
91.78018750 32.22059896 4635.000 22.196
91.76353472 32.22059896 4634.000 22.179
91.74688194 32.22059896 4634.000 22.163
91.73022917 32.22059896 4644.000 22.146
91.71357639 32.20394965 4634.000 22.123
91.69692361 32.20394965 4638.000 22.106
91.68027083 32.18730035 4638.000 22.082
91.66361806 32.18730035 4627.000 22.066
91.64696528 32.18730035 4624.000 22.049
91.63031250 32.17065104 4613.000 22.025
91.61365972 32.17065104 4608.000 22.009
91.59700694 32.15400174 4608.000 21.985
91.58035417 32.15400174 4597.000 21.969
91.56370139 32.13735243 4592.000 21.945
91.54704861 32.12070312 4588.000 21.922
91.53039583 32.10405382 4586.000 21.898
91.51374306 32.08740451 4585.000 21.874
91.51374306 32.07075521 4585.000 21.858
91.51374306 32.05410590 4585.000 21.841
91.51374306 32.03745660 4585.000 21.825
91.51374306 32.02080729 4585.000 21.808
91.51374306 32.00415799 4585.000 21.791
91.51374306 31.98750868 4585.000 21.775
91.51374306 31.97085937 4584.000 21.758
91.51374306 31.95421007 4587.000 21.741
91.53039583 31.93756076 4612.000 21.718
91.54704861 31.92091146 4585.000 21.694
91.54704861 31.90426215 4586.000 21.678
91.54704861 31.88761285 4587.000 21.661
91.54704861 31.87096354 4606.000 21.644
91.54704861 31.85431424 4595.000 21.628
91.54704861 31.83766493 4623.000 21.611
91.56370139 31.82101562 4623.000 21.587
91.56370139 31.80436632 4589.000 21.571
91.56370139 31.78771701 4624.000 21.554
91.56370139 31.77106771 4598.000 21.537
91.58035417 31.75441840 4609.000 21.514
91.59700694 31.73776910 4602.000 21.490
91.61365972 31.72111979 4591.000 21.467
91.63031250 31.70447049 4591.000 21.443
91.64696528 31.68782118 4613.000 21.420
91.66361806 31.68782118 4592.000 21.403
91.68027083 31.67117187 4600.000 21.379
91.69692361 31.65452257 4629.000 21.356
91.71357639 31.67117187 4637.000 21.332
91.73022917 31.67117187 4577.000 21.316
91.74688194 31.67117187 4592.000 21.299
91.76353472 31.65452257 4564.000 21.276
91.76353472 31.63787326 4595.000 21.259
91.74688194 31.62122396 4592.000 21.235
91.74688194 31.60457465 4546.000 21.219
91.76353472 31.58792535 4539.000 21.195
91.78018750 31.57127604 4532.000 21.172
91.79684028 31.55462674 4538.000 21.148
91.79684028 31.53797743 4541.000 21.131
91.81349306 31.52132812 4532.000 21.108
91.83014583 31.50467882 4534.000 21.084
91.83014583 31.48802951 4550.000 21.068
91.81349306 31.47138021 4543.000 21.044
91.79684028 31.45473090 4528.000 21.021
91.79684028 31.43808160 4511.000 21.004
91.81349306 31.42143229 4511.000 20.980
91.83014583 31.40478299 4529.000 20.957
91.83014583 31.38813368 4504.000 20.940
91.84679861 31.37148437 4499.000 20.917
91.86345139 31.37148437 4497.000 20.900
91.88010417 31.37148437 4505.000 20.883
91.89675694 31.37148437 4501.000 20.867
91.91340972 31.37148437 4513.000 20.850
91.93006250 31.38813368 4525.000 20.826
91.94671528 31.40478299 4503.000 20.803
91.96336806 31.42143229 4485.000 20.779
91.98002083 31.42143229 4484.000 20.763
91.99667361 31.42143229 4482.000 20.746
92.01332639 31.40478299 4504.000 20.722
92.02997917 31.40478299 4493.000 20.706
92.04663194 31.38813368 4484.000 20.682
92.04663194 31.37148437 4506.000 20.666
92.02997917 31.35483507 4480.000 20.642
92.04663194 31.33818576 4464.000 20.619
92.06328472 31.32153646 4476.000 20.595
92.07993750 31.30488715 4466.000 20.571
92.09659028 31.28823785 4465.000 20.548
92.11324306 31.27158854 4463.000 20.524
92.12989583 31.28823785 4498.000 20.501
92.14654861 31.27158854 4494.000 20.477
92.16320139 31.27158854 4446.000 20.461
92.17985417 31.27158854 4449.000 20.444
92.19650694 31.27158854 4441.000 20.427
92.21315972 31.27158854 4443.000 20.411
92.22981250 31.28823785 4475.000 20.387
92.24646528 31.28823785 4442.000 20.370
92.26311806 31.30488715 4435.000 20.347
92.27977083 31.32153646 4421.000 20.323
92.29642361 31.33818576 4421.000 20.300
92.31307639 31.35483507 4407.000 20.276
92.32972917 31.37148437 4493.000 20.253
92.32972917 31.38813368 4427.000 20.236
92.32972917 31.40478299 4424.000 20.219
92.32972917 31.42143229 4430.000 20.203
92.32972917 31.43808160 4422.000 20.186
92.34638194 31.45473090 4411.000 20.163
92.36303472 31.45473090 4422.000 20.146
92.37968750 31.43808160 4422.000 20.122
92.39634028 31.43808160 4438.000 20.106
92.41299306 31.43808160 4414.000 20.089
92.42964583 31.45473090 4409.000 20.066
92.44629861 31.43808160 4426.000 20.042
92.46295139 31.45473090 4425.000 20.018
92.47960417 31.47138021 4356.000 19.995
92.49625694 31.45473090 4415.000 19.971
92.51290972 31.47138021 4428.000 19.948
92.52956250 31.48802951 4416.000 19.924
92.54621528 31.48802951 4390.000 19.908
92.56286806 31.48802951 4403.000 19.891
92.57952083 31.48802951 4370.000 19.874
92.59617361 31.48802951 4382.000 19.858
92.61282639 31.48802951 4415.000 19.841
92.62947917 31.50467882 4392.000 19.817
92.64613194 31.50467882 4394.000 19.801
92.66278472 31.50467882 4348.000 19.784
92.67943750 31.50467882 4351.000 19.767
92.69609028 31.52132812 4343.000 19.744
92.71274306 31.52132812 4259.000 19.727
92.72939583 31.52132812 4290.000 19.711
92.74604861 31.52132812 4393.000 19.694
92.76270139 31.52132812 4330.000 19.677
92.77935417 31.50467882 4400.000 19.654
92.79600694 31.52132812 4402.000 19.630
92.81265972 31.53797743 4319.000 19.607
92.82931250 31.53797743 4394.000 19.590
92.84596528 31.53797743 4254.000 19.573
92.86261806 31.55462674 4254.000 19.550
92.87927083 31.53797743 4318.000 19.526
92.89592361 31.55462674 4242.000 19.503
92.91257639 31.55462674 4204.000 19.486
92.92922917 31.53797743 4270.000 19.462
92.94588194 31.53797743 4224.000 19.446
92.96253472 31.53797743 4162.000 19.429
92.97918750 31.53797743 4165.000 19.413
92.99584028 31.53797743 4266.000 19.396
93.01249306 31.55462674 4244.000 19.372
93.02914583 31.57127604 4328.000 19.349
93.04579861 31.55462674 4215.000 19.325
93.06245139 31.53797743 4335.000 19.302
93.07910417 31.53797743 4260.000 19.285
93.09575694 31.52132812 4266.000 19.261
93.11240972 31.53797743 4163.000 19.238
93.12906250 31.53797743 4248.000 19.221
93.14571528 31.53797743 4230.000 19.205
93.16236806 31.53797743 4152.000 19.188
93.17902083 31.52132812 4196.000 19.164
93.19567361 31.52132812 4214.000 19.148
93.21232639 31.52132812 4179.000 19.131
93.22897917 31.52132812 4167.000 19.114
93.24563194 31.52132812 4175.000 19.098
93.26228472 31.52132812 4158.000 19.081
93.27893750 31.52132812 4163.000 19.065
93.29559028 31.52132812 4221.000 19.048
93.31224306 31.52132812 4205.000 19.031
93.32889583 31.52132812 4210.000 19.015
93.34554861 31.52132812 4199.000 18.998
93.36220139 31.52132812 4207.000 18.981
93.37885417 31.52132812 4195.000 18.965
93.39550694 31.52132812 4163.000 18.948
93.41215972 31.52132812 4237.000 18.931
93.42881250 31.52132812 4191.000 18.915
93.44546528 31.52132812 4172.000 18.898
93.46211806 31.50467882 4196.000 18.874
93.47877083 31.52132812 4209.000 18.851
93.49542361 31.50467882 4209.000 18.827
93.51207639 31.50467882 4076.000 18.811
93.52872917 31.50467882 4073.000 18.794
93.54538194 31.50467882 3986.000 18.777
93.56203472 31.48802951 4127.000 18.754
93.57868750 31.48802951 4096.000 18.737
93.59534028 31.48802951 4077.000 18.721
93.61199306 31.48802951 4125.000 18.704
93.62864583 31.47138021 4083.000 18.680
93.64529861 31.47138021 4070.000 18.664
93.66195139 31.48802951 4140.000 18.640
93.67860417 31.47138021 4051.000 18.617
93.69525694 31.47138021 4082.000 18.600
93.71190972 31.47138021 4061.000 18.583
93.72856250 31.47138021 4039.000 18.567
93.74521528 31.48802951 4088.000 18.543
93.76186806 31.48802951 4050.000 18.526
93.77852083 31.48802951 4094.000 18.510
93.79517361 31.48802951 4027.000 18.493
93.81182639 31.50467882 4112.000 18.470
93.82847917 31.52132812 4141.000 18.446
93.84513194 31.50467882 4175.000 18.422
93.86178472 31.50467882 4112.000 18.406
93.87843750 31.50467882 4174.000 18.389
93.89509028 31.50467882 4223.000 18.373
93.91174306 31.50467882 4157.000 18.356
93.92839583 31.52132812 4100.000 18.332
93.94504861 31.52132812 4113.000 18.316
93.96170139 31.52132812 4177.000 18.299
93.97835417 31.53797743 4063.000 18.275
93.99500694 31.53797743 4047.000 18.259
94.01165972 31.52132812 4107.000 18.235
94.02831250 31.52132812 3999.000 18.219
94.04496528 31.52132812 3990.000 18.202
94.06161806 31.50467882 4001.000 18.178
94.07827083 31.50467882 4025.000 18.162
94.09492361 31.50467882 4079.000 18.145
94.11157639 31.50467882 4164.000 18.128
94.12822917 31.48802951 4024.000 18.105
94.14488194 31.47138021 4094.000 18.081
94.16153472 31.47138021 4066.000 18.065
94.17818750 31.47138021 4005.000 18.048
94.19484028 31.47138021 4100.000 18.031
94.21149306 31.48802951 4121.000 18.008
94.22814583 31.48802951 4067.000 17.991
94.24479861 31.50467882 4043.000 17.968
94.26145139 31.52132812 4005.000 17.944
94.27810417 31.50467882 3969.000 17.921
94.27810417 31.48802951 4000.000 17.904
94.27810417 31.47138021 4001.000 17.887
94.29475694 31.45473090 3985.000 17.864
94.31140972 31.45473090 4034.000 17.847
94.32806250 31.45473090 4011.000 17.830
94.34471528 31.45473090 4043.000 17.814
94.36136806 31.45473090 3882.000 17.797
94.37802083 31.47138021 4024.000 17.774
94.39467361 31.47138021 3954.000 17.757
94.41132639 31.47138021 3872.000 17.740
94.42797917 31.47138021 4051.000 17.724
94.44463194 31.47138021 4020.000 17.707
94.46128472 31.48802951 3914.000 17.683
94.47793750 31.47138021 4063.000 17.660
94.49459028 31.45473090 3993.000 17.636
94.51124306 31.45473090 3948.000 17.620
94.52789583 31.45473090 4032.000 17.603
94.54454861 31.45473090 3973.000 17.586
94.56120139 31.45473090 3915.000 17.570
94.57785417 31.43808160 3909.000 17.546
94.59450694 31.42143229 3932.000 17.523
94.59450694 31.40478299 4053.000 17.506
94.57785417 31.38813368 3986.000 17.482
94.56120139 31.37148437 3974.000 17.459
94.56120139 31.35483507 3893.000 17.442
94.56120139 31.33818576 3945.000 17.426
94.56120139 31.32153646 3920.000 17.409
94.54454861 31.30488715 4063.000 17.385
94.52789583 31.30488715 3873.000 17.369
94.51124306 31.30488715 3910.000 17.352
94.49459028 31.28823785 3827.000 17.328
94.47793750 31.27158854 3871.000 17.305
94.49459028 31.25493924 3722.000 17.281
94.51124306 31.25493924 3779.000 17.265
94.52789583 31.25493924 3778.000 17.248
94.54454861 31.25493924 3870.000 17.231
94.56120139 31.23828993 3971.000 17.208
94.57785417 31.23828993 3838.000 17.191
94.59450694 31.22164062 3983.000 17.168
94.61115972 31.20499132 3833.000 17.144
94.62781250 31.18834201 3897.000 17.121
94.62781250 31.17169271 3887.000 17.104
94.62781250 31.15504340 3716.000 17.087
94.64446528 31.13839410 3896.000 17.064
94.66111806 31.12174479 3742.000 17.040
94.66111806 31.10509549 3860.000 17.024
94.67777083 31.08844618 3868.000 17.000
94.69442361 31.07179687 3799.000 16.976
94.71107639 31.07179687 3728.000 16.960
94.72772917 31.07179687 3775.000 16.943
94.74438194 31.07179687 3894.000 16.926
94.76103472 31.07179687 3847.000 16.910
94.77768750 31.07179687 3899.000 16.893
94.79434028 31.08844618 3938.000 16.870
94.81099306 31.08844618 3814.000 16.853
94.82764583 31.08844618 3795.000 16.836
94.84429861 31.10509549 3954.000 16.813
94.86095139 31.12174479 3793.000 16.789
94.87760417 31.12174479 3811.000 16.773
94.89425694 31.12174479 3668.000 16.756
94.91090972 31.12174479 3770.000 16.739
94.92756250 31.13839410 3680.000 16.716
94.94421528 31.15504340 3716.000 16.692
94.96086806 31.13839410 3686.000 16.669
94.97752083 31.13839410 3710.000 16.652
94.99417361 31.15504340 3763.000 16.628
95.01082639 31.15504340 3703.000 16.612
95.02747917 31.15504340 3703.000 16.595
95.04413194 31.15504340 3700.000 16.578
95.06078472 31.15504340 3785.000 16.562
95.07743750 31.15504340 3725.000 16.545
95.09409028 31.17169271 3734.000 16.522
95.11074306 31.17169271 3694.000 16.505
95.12739583 31.15504340 3750.000 16.481
95.14404861 31.15504340 3611.000 16.465
95.16070139 31.15504340 3654.000 16.448
95.17735417 31.15504340 3632.000 16.431
95.19400694 31.15504340 3705.000 16.415
95.21065972 31.15504340 3673.000 16.398
95.22731250 31.15504340 3769.000 16.381
95.24396528 31.15504340 3661.000 16.365
95.26061806 31.15504340 3672.000 16.348
95.27727083 31.15504340 3822.000 16.332
95.29392361 31.15504340 3679.000 16.315
95.31057639 31.13839410 3695.000 16.291
95.32722917 31.13839410 3684.000 16.275
95.34388194 31.13839410 3665.000 16.258
95.36053472 31.13839410 3623.000 16.241
95.37718750 31.12174479 3810.000 16.218
95.39384028 31.10509549 3499.000 16.194
95.41049306 31.10509549 3669.000 16.178
95.42714583 31.10509549 3672.000 16.161
95.44379861 31.08844618 3705.000 16.137
95.46045139 31.07179687 3505.000 16.114
95.47710417 31.05514757 3536.000 16.090
95.49375694 31.03849826 3799.000 16.067
95.49375694 31.02184896 3682.000 16.050
95.49375694 31.00519965 3598.000 16.033
95.51040972 30.98855035 3784.000 16.010
95.52706250 30.97190104 3658.000 15.986
95.54371528 30.95525174 3479.000 15.963
95.56036806 30.93860243 3454.000 15.939
95.57702083 30.92195312 3370.000 15.916
95.59367361 30.90530382 3747.000 15.892
95.61032639 30.90530382 3701.000 15.876
95.62697917 30.88865451 3601.000 15.852
95.64363194 30.88865451 3651.000 15.835
95.66028472 30.87200521 3621.000 15.812
95.67693750 30.87200521 3573.000 15.795
95.69359028 30.87200521 3583.000 15.778
95.71024306 30.88865451 3742.000 15.755
95.72689583 30.90530382 3701.000 15.731
95.74354861 30.92195312 3796.000 15.708
95.76020139 30.93860243 3669.000 15.684
95.77685417 30.95525174 3482.000 15.661
95.79350694 30.95525174 3536.000 15.644
95.81015972 30.97190104 3629.000 15.621
95.82681250 30.98855035 3513.000 15.597
95.84346528 30.97190104 3428.000 15.573
95.86011806 30.95525174 3434.000 15.550
95.87677083 30.95525174 3606.000 15.533
95.89342361 30.93860243 3606.000 15.510
95.91007639 30.93860243 3464.000 15.493
95.92672917 30.93860243 3410.000 15.476
95.94338194 30.93860243 3460.000 15.460
95.96003472 30.92195312 3729.000 15.436
95.97668750 30.92195312 3407.000 15.420
95.99334028 30.92195312 3505.000 15.403
96.00999306 30.92195312 3507.000 15.386
96.02664583 30.92195312 3542.000 15.370
96.04329861 30.92195312 3583.000 15.353
96.05995139 30.92195312 3673.000 15.336
96.07660417 30.90530382 3690.000 15.313
96.09325694 30.88865451 3793.000 15.289
96.10990972 30.88865451 3634.000 15.273
96.12656250 30.88865451 3642.000 15.256
96.14321528 30.88865451 3712.000 15.239
96.15986806 30.88865451 3799.000 15.223
96.17652083 30.87200521 3769.000 15.199
96.19317361 30.87200521 3595.000 15.182
96.20982639 30.87200521 3423.000 15.166
96.22647917 30.87200521 3454.000 15.149
96.24313194 30.87200521 3357.000 15.132
96.25978472 30.85535590 3659.000 15.109
96.27643750 30.83870660 3823.000 15.085
96.29309028 30.82205729 3605.000 15.062
96.30974306 30.82205729 3441.000 15.045
96.32639583 30.80540799 3489.000 15.022
96.34304861 30.78875868 3812.000 14.998
96.35970139 30.77210937 3354.000 14.974
96.37635417 30.75546007 3419.000 14.951
96.39300694 30.73881076 3312.000 14.927
96.39300694 30.72216146 3527.000 14.911
96.39300694 30.70551215 3432.000 14.894
96.40965972 30.68886285 3727.000 14.871
96.42631250 30.67221354 3642.000 14.847
96.40965972 30.65556424 3825.000 14.823
96.40965972 30.63891493 3747.000 14.807
96.42631250 30.62226562 3775.000 14.783
96.42631250 30.60561632 3466.000 14.767
96.42631250 30.58896701 3463.000 14.750
96.44296528 30.57231771 3702.000 14.726
96.45961806 30.55566840 3594.000 14.703
96.45961806 30.53901910 3428.000 14.686
96.47627083 30.52236979 3379.000 14.663
96.49292361 30.50572049 3633.000 14.639
96.49292361 30.48907118 3274.000 14.622
96.50957639 30.47242187 3376.000 14.599
96.52622917 30.45577257 3324.000 14.575
96.54288194 30.43912326 3460.000 14.552
96.55953472 30.43912326 3334.000 14.535
96.57618750 30.43912326 3391.000 14.518
96.59284028 30.45577257 3518.000 14.495
96.60949306 30.45577257 3372.000 14.478
96.62614583 30.45577257 3364.000 14.462
96.64279861 30.47242187 3709.000 14.438
96.65945139 30.47242187 3588.000 14.421
96.65945139 30.45577257 3412.000 14.405
96.67610417 30.45577257 3360.000 14.388
96.69275694 30.43912326 3319.000 14.365
96.69275694 30.42247396 3434.000 14.348
96.69275694 30.40582465 3266.000 14.331
96.69275694 30.38917535 3333.000 14.315
96.67610417 30.37252604 3480.000 14.291
96.69275694 30.35587674 3342.000 14.268
96.70940972 30.33922743 3440.000 14.244
96.70940972 30.32257812 3357.000 14.227
96.70940972 30.30592882 3259.000 14.211
96.72606250 30.28927951 3408.000 14.187
96.72606250 30.27263021 3280.000 14.170
96.74271528 30.25598090 3247.000 14.147
96.75936806 30.25598090 3531.000 14.130
96.77602083 30.27263021 3569.000 14.107
96.79267361 30.25598090 3455.000 14.083
96.80932639 30.25598090 3490.000 14.067
96.82597917 30.25598090 3311.000 14.050
96.84263194 30.25598090 3355.000 14.033
96.85928472 30.25598090 3311.000 14.017
96.87593750 30.25598090 3159.000 14.000
96.89259028 30.23933160 3421.000 13.976
96.90924306 30.22268229 3405.000 13.953
96.92589583 30.22268229 3275.000 13.936
96.94254861 30.20603299 3259.000 13.913
96.95920139 30.18938368 3219.000 13.889
96.97585417 30.18938368 3348.000 13.872
96.99250694 30.18938368 3234.000 13.856
97.00915972 30.18938368 3100.000 13.839
97.02581250 30.18938368 3156.000 13.822
97.04246528 30.18938368 3103.000 13.806
97.05911806 30.18938368 3220.000 13.789
97.07577083 30.18938368 3054.000 13.773
97.09242361 30.17273437 2998.000 13.749
97.10907639 30.15608507 2968.000 13.725
97.12572917 30.15608507 3262.000 13.709
97.14238194 30.13943576 3136.000 13.685
97.15903472 30.13943576 3136.000 13.669
97.17568750 30.12278646 3110.000 13.645
97.19234028 30.10613715 3033.000 13.621
97.20899306 30.08948785 3179.000 13.598
97.22564583 30.08948785 2994.000 13.581
97.24229861 30.07283854 3040.000 13.558
97.25895139 30.07283854 3005.000 13.541
97.27560417 30.07283854 2994.000 13.524
97.29225694 30.05618924 3058.000 13.501
97.30890972 30.03953993 3136.000 13.477
97.30890972 30.02289062 2930.000 13.461
97.30890972 30.00624132 3127.000 13.444
97.32556250 29.98959201 2948.000 13.420
97.34221528 29.97294271 3137.000 13.397
97.34221528 29.95629340 3028.000 13.380
97.34221528 29.93964410 2944.000 13.364
97.35886806 29.92299479 3110.000 13.340
97.37552083 29.90634549 3106.000 13.317
97.37552083 29.88969618 2900.000 13.300
97.39217361 29.87304687 2953.000 13.276
97.40882639 29.87304687 2880.000 13.260
97.42547917 29.85639757 2813.000 13.236
97.40882639 29.83974826 3095.000 13.213
97.40882639 29.82309896 2991.000 13.196
97.40882639 29.80644965 3142.000 13.179
97.42547917 29.78980035 2951.000 13.156
97.44213194 29.77315104 3164.000 13.132
97.44213194 29.75650174 2933.000 13.116
97.44213194 29.73985243 2949.000 13.099
97.44213194 29.72320312 3026.000 13.082
97.42547917 29.70655382 2798.000 13.059
97.44213194 29.68990451 2731.000 13.035
97.45878472 29.67325521 2716.000 13.012
97.47543750 29.65660590 2694.000 12.988
97.49209028 29.63995660 2777.000 12.965
97.50874306 29.62330729 2845.000 12.941
97.50874306 29.60665799 2690.000 12.924
97.52539583 29.59000868 2786.000 12.901
97.54204861 29.57335937 2751.000 12.877
97.55870139 29.55671007 2811.000 12.854
97.57535417 29.54006076 2774.000 12.830
97.57535417 29.52341146 2693.000 12.813
97.57535417 29.50676215 2841.000 12.797
97.59200694 29.49011285 2827.000 12.773
97.60865972 29.47346354 2949.000 12.750
97.62531250 29.47346354 2648.000 12.733
97.64196528 29.47346354 2719.000 12.716
97.65861806 29.45681424 2908.000 12.693
97.67527083 29.45681424 3013.000 12.676
97.69192361 29.45681424 2860.000 12.660
97.70857639 29.44016493 2928.000 12.636
97.72522917 29.42351562 3009.000 12.612
97.74188194 29.42351562 2655.000 12.596
97.75853472 29.40686632 2887.000 12.572
97.77518750 29.40686632 2698.000 12.556
97.79184028 29.39021701 2895.000 12.532
97.80849306 29.39021701 2740.000 12.515
97.82514583 29.39021701 2643.000 12.499
97.84179861 29.37356771 2774.000 12.475
97.85845139 29.35691840 2511.000 12.452
97.87510417 29.34026910 2712.000 12.428
97.89175694 29.32361979 2738.000 12.405
97.90840972 29.30697049 2724.000 12.381
97.92506250 29.29032118 2965.000 12.357
97.94171528 29.27367187 2900.000 12.334
97.94171528 29.25702257 2583.000 12.317
97.95836806 29.24037326 2651.000 12.294
97.95836806 29.22372396 2426.000 12.277
97.95836806 29.20707465 2912.000 12.260
97.95836806 29.19042535 2843.000 12.244
97.97502083 29.17377604 2888.000 12.220
97.97502083 29.15712674 2705.000 12.204
97.99167361 29.14047743 3019.000 12.180
97.99167361 29.12382812 2561.000 12.163
98.00832639 29.10717882 2703.000 12.140
98.02497917 29.09052951 2649.000 12.116
98.02497917 29.07388021 2896.000 12.100
98.04163194 29.05723090 2803.000 12.076
98.04163194 29.04058160 2468.000 12.059
98.05828472 29.02393229 2369.000 12.036
98.07493750 29.02393229 2626.000 12.019
98.09159028 29.02393229 2472.000 12.003
98.09159028 29.00728299 2333.000 11.986
98.09159028 28.99063368 2415.000 11.969
98.09159028 28.97398437 2412.000 11.953
98.09159028 28.95733507 2483.000 11.936
98.10824306 28.94068576 2412.000 11.912
98.12489583 28.92403646 2558.000 11.889
98.14154861 28.90738715 2367.000 11.865
98.14154861 28.89073785 2397.000 11.849
98.14154861 28.87408854 2473.000 11.832
98.15820139 28.85743924 2401.000 11.808
98.17485417 28.84078993 2472.000 11.785
98.17485417 28.82414062 2296.000 11.768
98.19150694 28.80749132 2410.000 11.745
98.20815972 28.80749132 2315.000 11.728
98.22481250 28.80749132 2228.000 11.711
98.24146528 28.80749132 2319.000 11.695
98.25811806 28.79084201 2181.000 11.671
98.27477083 28.77419271 2101.000 11.648
98.29142361 28.75754340 2141.000 11.624
98.30807639 28.74089410 2142.000 11.601
98.32472917 28.72424479 2333.000 11.577
98.34138194 28.70759549 2347.000 11.554
98.35803472 28.69094618 2186.000 11.530
98.35803472 28.67429687 2206.000 11.513
98.35803472 28.65764757 2170.000 11.497
98.35803472 28.64099826 2245.000 11.480
98.37468750 28.62434896 2355.000 11.456
98.37468750 28.60769965 2301.000 11.440
98.37468750 28.59105035 2093.000 11.423
98.37468750 28.57440104 2226.000 11.407
98.37468750 28.55775174 2222.000 11.390
98.37468750 28.54110243 2172.000 11.373
98.39134028 28.52445312 2106.000 11.350
98.39134028 28.50780382 2038.000 11.333
98.40799306 28.49115451 2204.000 11.309
98.42464583 28.49115451 2148.000 11.293
98.44129861 28.49115451 2283.000 11.276
98.45795139 28.47450521 1915.000 11.253
98.45795139 28.45785590 1896.000 11.236
98.45795139 28.44120660 1914.000 11.219
98.45795139 28.42455729 1878.000 11.203
98.45795139 28.40790799 1901.000 11.186
98.45795139 28.39125868 1956.000 11.169
98.45795139 28.37460937 1937.000 11.153
98.47460417 28.35796007 2233.000 11.129
98.47460417 28.34131076 2202.000 11.113
98.47460417 28.32466146 2260.000 11.096
98.47460417 28.30801215 1999.000 11.079
98.47460417 28.29136285 2055.000 11.063
98.47460417 28.27471354 2063.000 11.046
98.47460417 28.25806424 1978.000 11.029
98.47460417 28.24141493 2027.000 11.013
98.47460417 28.22476562 2319.000 10.996
98.47460417 28.20811632 2084.000 10.979
98.47460417 28.19146701 1980.000 10.963
98.49125694 28.17481771 2306.000 10.939
98.47460417 28.15816840 2122.000 10.916
98.49125694 28.14151910 2370.000 10.892
98.49125694 28.12486979 2005.000 10.875
98.50790972 28.10822049 2076.000 10.852
98.52456250 28.09157118 2146.000 10.828
98.54121528 28.09157118 1992.000 10.812
98.55786806 28.09157118 2007.000 10.795
98.57452083 28.09157118 1844.000 10.778
98.57452083 28.07492187 1763.000 10.762
98.59117361 28.05827257 1868.000 10.738
98.59117361 28.04162326 1826.000 10.721
98.60782639 28.02497396 1803.000 10.698
98.62447917 28.02497396 1642.000 10.681
98.64113194 28.00832465 1636.000 10.658
98.65778472 27.99167535 1910.000 10.634
98.65778472 27.97502604 1673.000 10.618
98.65778472 27.95837674 1774.000 10.601
98.65778472 27.94172743 1849.000 10.584
98.65778472 27.92507812 1853.000 10.568
98.65778472 27.90842882 1841.000 10.551
98.67443750 27.89177951 1679.000 10.527
98.67443750 27.87513021 1719.000 10.511
98.69109028 27.85848090 1789.000 10.487
98.69109028 27.84183160 1693.000 10.471
98.69109028 27.82518229 1669.000 10.454
98.69109028 27.80853299 1716.000 10.437
98.69109028 27.79188368 1921.000 10.421
98.67443750 27.77523437 1901.000 10.397
98.67443750 27.75858507 1693.000 10.380
98.67443750 27.74193576 1690.000 10.364
98.69109028 27.72528646 1675.000 10.340
98.70774306 27.70863715 1692.000 10.317
98.70774306 27.69198785 1695.000 10.300
98.72439583 27.67533854 1779.000 10.276
98.72439583 27.65868924 1817.000 10.260
98.72439583 27.64203993 1748.000 10.243
98.74104861 27.62539062 1655.000 10.220
98.75770139 27.62539062 1620.000 10.203
98.77435417 27.60874132 1610.000 10.179
98.77435417 27.59209201 1690.000 10.163
98.79100694 27.57544271 1639.000 10.139
98.80765972 27.57544271 1595.000 10.123
98.82431250 27.55879340 1687.000 10.099
98.82431250 27.54214410 1633.000 10.082
98.82431250 27.52549479 1724.000 10.066
98.82431250 27.50884549 1618.000 10.049
98.82431250 27.49219618 1656.000 10.032
98.82431250 27.47554687 1703.000 10.016
98.84096528 27.45889757 1672.000 9.992
98.82431250 27.44224826 1594.000 9.969
98.82431250 27.42559896 1596.000 9.952
98.82431250 27.40894965 1507.000 9.935
98.82431250 27.39230035 1674.000 9.919
98.84096528 27.37565104 1588.000 9.895
98.84096528 27.35900174 1663.000 9.879
98.85761806 27.34235243 1687.000 9.855
98.85761806 27.32570312 1549.000 9.838
98.87427083 27.30905382 1520.000 9.815
98.87427083 27.29240451 1559.000 9.798
98.87427083 27.27575521 1546.000 9.781
98.89092361 27.25910590 1469.000 9.758
98.89092361 27.24245660 1452.000 9.741
98.89092361 27.22580729 1475.000 9.725
98.89092361 27.20915799 1519.000 9.708
98.87427083 27.19250868 1598.000 9.684
98.87427083 27.17585937 1560.000 9.668
98.87427083 27.15921007 1420.000 9.651
98.87427083 27.14256076 1436.000 9.634
98.87427083 27.12591146 1458.000 9.618
98.87427083 27.10926215 1440.000 9.601
98.87427083 27.09261285 1457.000 9.585
98.87427083 27.07596354 1440.000 9.568
98.87427083 27.05931424 1445.000 9.551
98.87427083 27.04266493 1412.000 9.535
98.87427083 27.02601562 1501.000 9.518
98.85761806 27.00936632 1506.000 9.494
98.85761806 26.99271701 1433.000 9.478
98.85761806 26.97606771 1423.000 9.461
98.85761806 26.95941840 1384.000 9.444
98.85761806 26.94276910 1393.000 9.428
98.87427083 26.92611979 1491.000 9.404
98.87427083 26.90947049 1428.000 9.388
98.87427083 26.89282118 1428.000 9.371
98.87427083 26.87617187 1378.000 9.354
98.87427083 26.85952257 1329.000 9.338
98.87427083 26.84287326 1355.000 9.321
98.89092361 26.82622396 1455.000 9.297
98.87427083 26.80957465 1503.000 9.274
98.89092361 26.79292535 1453.000 9.250
98.89092361 26.77627604 1337.000 9.234
98.89092361 26.75962674 1343.000 9.217
98.89092361 26.74297743 1317.000 9.200
98.89092361 26.72632812 1319.000 9.184
98.89092361 26.70967882 1380.000 9.167
98.89092361 26.69302951 1420.000 9.150
98.89092361 26.67638021 1447.000 9.134
98.90757639 26.65973090 1540.000 9.110
98.90757639 26.64308160 1348.000 9.094
98.90757639 26.62643229 1330.000 9.077
98.90757639 26.60978299 1290.000 9.060
98.90757639 26.59313368 1319.000 9.044
98.90757639 26.57648437 1289.000 9.027
98.90757639 26.55983507 1450.000 9.010
98.89092361 26.54318576 1382.000 8.987
98.89092361 26.52653646 1433.000 8.970
98.89092361 26.50988715 1441.000 8.954
98.89092361 26.49323785 1306.000 8.937
98.89092361 26.47658854 1379.000 8.920
98.89092361 26.45993924 1298.000 8.904
98.89092361 26.44328993 1256.000 8.887
98.89092361 26.42664062 1300.000 8.870
98.89092361 26.40999132 1312.000 8.854
98.89092361 26.39334201 1280.000 8.837
98.89092361 26.37669271 1252.000 8.820
98.89092361 26.36004340 1299.000 8.804
98.87427083 26.34339410 1444.000 8.780
98.85761806 26.32674479 1286.000 8.757
98.85761806 26.31009549 1262.000 8.740
98.87427083 26.29344618 1213.000 8.716
98.87427083 26.27679687 1221.000 8.700
98.87427083 26.26014757 1171.000 8.683
98.87427083 26.24349826 1279.000 8.666
98.87427083 26.22684896 1170.000 8.650
98.85761806 26.21019965 1248.000 8.626
98.85761806 26.19355035 1190.000 8.610
98.85761806 26.17690104 1176.000 8.593
98.85761806 26.16025174 1172.000 8.576
98.87427083 26.14360243 1104.000 8.553
98.85761806 26.12695312 1195.000 8.529
98.85761806 26.11030382 1185.000 8.513
98.85761806 26.09365451 1070.000 8.496
98.85761806 26.07700521 1103.000 8.479
98.85761806 26.06035590 1041.000 8.463
98.85761806 26.04370660 1245.000 8.446
98.84096528 26.02705729 1082.000 8.422
98.84096528 26.01040799 1099.000 8.406
98.84096528 25.99375868 1071.000 8.389
98.84096528 25.97710937 1046.000 8.372
98.84096528 25.96046007 1066.000 8.356
98.82431250 25.94381076 1068.000 8.332
98.82431250 25.92716146 953.000 8.316
98.84096528 25.91051215 964.000 8.292
98.84096528 25.89386285 967.000 8.275
98.84096528 25.87721354 913.000 8.259
98.85761806 25.86056424 926.000 8.235
98.85761806 25.84391493 903.000 8.219
98.85761806 25.82726562 888.000 8.202
98.85761806 25.81061632 912.000 8.185
98.85761806 25.79396701 928.000 8.169
98.85761806 25.77731771 975.000 8.152
98.85761806 25.76066840 1031.000 8.135
98.87427083 25.74401910 965.000 8.112
98.87427083 25.72736979 892.000 8.095
98.87427083 25.71072049 915.000 8.078
98.87427083 25.69407118 940.000 8.062
98.87427083 25.67742187 889.000 8.045
98.87427083 25.66077257 868.000 8.029
98.87427083 25.64412326 885.000 8.012
98.87427083 25.62747396 906.000 7.995
98.87427083 25.61082465 996.000 7.979
98.87427083 25.59417535 902.000 7.962
98.87427083 25.57752604 809.000 7.945
98.87427083 25.56087674 796.000 7.929
98.87427083 25.54422743 893.000 7.912
98.87427083 25.52757812 856.000 7.895
98.87427083 25.51092882 861.000 7.879
98.87427083 25.49427951 835.000 7.862
98.87427083 25.47763021 810.000 7.845
98.87427083 25.46098090 795.000 7.829
98.87427083 25.44433160 788.000 7.812
98.87427083 25.42768229 778.000 7.795
98.87427083 25.41103299 781.000 7.779
98.87427083 25.39438368 763.000 7.762
98.85761806 25.37773437 983.000 7.739
98.85761806 25.36108507 921.000 7.722
98.85761806 25.34443576 1039.000 7.705
98.85761806 25.32778646 973.000 7.689
98.84096528 25.31113715 1039.000 7.665
98.84096528 25.29448785 897.000 7.648
98.84096528 25.27783854 842.000 7.632
98.84096528 25.26118924 851.000 7.615
98.84096528 25.24453993 781.000 7.598
98.84096528 25.22789062 801.000 7.582
98.84096528 25.21124132 907.000 7.565
98.84096528 25.19459201 992.000 7.549
98.84096528 25.17794271 918.000 7.532
98.84096528 25.16129340 958.000 7.515
98.84096528 25.14464410 821.000 7.499
98.84096528 25.12799479 845.000 7.482
98.84096528 25.11134549 766.000 7.465
98.84096528 25.09469618 720.000 7.449
98.84096528 25.07804687 717.000 7.432
98.84096528 25.06139757 720.000 7.415
98.85761806 25.04474826 959.000 7.392
98.85761806 25.02809896 731.000 7.375
98.85761806 25.01144965 715.000 7.358
98.87427083 24.99480035 741.000 7.335
98.89092361 24.97815104 724.000 7.311
98.90757639 24.96150174 861.000 7.288
98.90757639 24.94485243 917.000 7.271
98.90757639 24.92820312 927.000 7.255
98.90757639 24.91155382 787.000 7.238
98.90757639 24.89490451 789.000 7.221
98.90757639 24.87825521 818.000 7.205
98.92422917 24.86160590 894.000 7.181
98.92422917 24.84495660 841.000 7.164
98.92422917 24.82830729 744.000 7.148
98.94088194 24.81165799 991.000 7.124
98.94088194 24.79500868 760.000 7.108
98.95753472 24.77835937 839.000 7.084
98.95753472 24.76171007 975.000 7.067
98.97418750 24.74506076 885.000 7.044
98.99084028 24.72841146 823.000 7.020
99.00749306 24.71176215 765.000 6.997
99.02414583 24.71176215 996.000 6.980
99.04079861 24.69511285 874.000 6.957
99.04079861 24.67846354 847.000 6.940
99.04079861 24.66181424 959.000 6.923
99.04079861 24.64516493 897.000 6.907
99.05745139 24.62851562 941.000 6.883
99.05745139 24.61186632 795.000 6.866
99.04079861 24.59521701 937.000 6.843
99.04079861 24.57856771 731.000 6.826
99.04079861 24.56191840 709.000 6.810
99.04079861 24.54526910 802.000 6.793
99.02414583 24.52861979 866.000 6.769
99.02414583 24.51197049 747.000 6.753
99.02414583 24.49532118 851.000 6.736
99.02414583 24.47867187 916.000 6.719
99.00749306 24.46202257 868.000 6.696
98.99084028 24.44537326 1051.000 6.672
98.97418750 24.42872396 818.000 6.649
98.99084028 24.41207465 927.000 6.625
99.00749306 24.41207465 933.000 6.609
99.02414583 24.41207465 900.000 6.592
99.04079861 24.39542535 782.000 6.568
99.04079861 24.37877604 817.000 6.552
99.04079861 24.36212674 828.000 6.535
99.04079861 24.34547743 781.000 6.518
99.04079861 24.32882812 765.000 6.502
99.04079861 24.31217882 865.000 6.485
99.04079861 24.29552951 774.000 6.468
99.04079861 24.27888021 863.000 6.452
99.05745139 24.26223090 930.000 6.428
99.04079861 24.24558160 805.000 6.405
99.02414583 24.22893229 751.000 6.381
99.00749306 24.21228299 937.000 6.358
98.99084028 24.21228299 807.000 6.341
98.97418750 24.21228299 758.000 6.324
98.95753472 24.19563368 783.000 6.301
98.94088194 24.19563368 708.000 6.284
98.92422917 24.19563368 867.000 6.267
98.90757639 24.17898437 891.000 6.244
98.89092361 24.16233507 917.000 6.220
98.87427083 24.16233507 841.000 6.204
98.85761806 24.14568576 808.000 6.180
98.84096528 24.12903646 777.000 6.157
98.82431250 24.12903646 902.000 6.140
98.80765972 24.14568576 954.000 6.116
98.79100694 24.14568576 888.000 6.100
98.77435417 24.12903646 925.000 6.076
98.75770139 24.12903646 779.000 6.060
98.74104861 24.12903646 837.000 6.043
98.72439583 24.12903646 797.000 6.026
98.70774306 24.11238715 867.000 6.003
98.69109028 24.11238715 719.000 5.986
98.67443750 24.11238715 869.000 5.969
98.65778472 24.11238715 780.000 5.953
98.64113194 24.11238715 783.000 5.936
98.62447917 24.09573785 759.000 5.913
98.60782639 24.09573785 762.000 5.896
98.59117361 24.07908854 850.000 5.872
98.57452083 24.07908854 714.000 5.856
98.55786806 24.06243924 762.000 5.832
98.54121528 24.06243924 682.000 5.815
98.52456250 24.04578993 830.000 5.792
98.50790972 24.04578993 790.000 5.775
98.49125694 24.04578993 722.000 5.759
98.47460417 24.02914062 756.000 5.735
98.45795139 24.01249132 747.000 5.712
98.44129861 24.01249132 757.000 5.695
98.42464583 23.99584201 707.000 5.671
98.40799306 23.97919271 738.000 5.648
98.40799306 23.96254340 686.000 5.631
98.40799306 23.94589410 706.000 5.614
98.40799306 23.92924479 654.000 5.598
98.42464583 23.91259549 745.000 5.574
98.42464583 23.89594618 799.000 5.558
98.42464583 23.87929687 707.000 5.541
98.44129861 23.86264757 832.000 5.517
98.44129861 23.84599826 750.000 5.501
98.44129861 23.82934896 660.000 5.484
98.45795139 23.81269965 676.000 5.461
98.47460417 23.79605035 714.000 5.437
98.49125694 23.77940104 723.000 5.413
98.50790972 23.76275174 864.000 5.390
98.52456250 23.76275174 784.000 5.373
98.54121528 23.76275174 640.000 5.357
98.55786806 23.74610243 745.000 5.333
98.57452083 23.72945312 608.000 5.310
98.59117361 23.71280382 681.000 5.286
98.60782639 23.69615451 842.000 5.262
98.60782639 23.67950521 682.000 5.246
98.62447917 23.66285590 877.000 5.222
98.62447917 23.64620660 716.000 5.206
98.64113194 23.62955729 793.000 5.182
98.64113194 23.61290799 620.000 5.165
98.64113194 23.59625868 691.000 5.149
98.64113194 23.57960937 649.000 5.132
98.62447917 23.56296007 638.000 5.109
98.60782639 23.54631076 735.000 5.085
98.60782639 23.52966146 626.000 5.068
98.59117361 23.51301215 637.000 5.045
98.59117361 23.49636285 630.000 5.028
98.59117361 23.47971354 590.000 5.012
98.60782639 23.46306424 741.000 4.988
98.60782639 23.44641493 649.000 4.971
98.60782639 23.42976562 631.000 4.955
98.62447917 23.41311632 511.000 4.931
98.64113194 23.41311632 514.000 4.914
98.65778472 23.39646701 623.000 4.891
98.67443750 23.39646701 583.000 4.874
98.69109028 23.37981771 598.000 4.851
98.70774306 23.36316840 597.000 4.827
98.72439583 23.34651910 617.000 4.804
98.72439583 23.32986979 588.000 4.787
98.72439583 23.31322049 587.000 4.770
98.72439583 23.29657118 620.000 4.754
98.72439583 23.27992187 643.000 4.737
98.72439583 23.26327257 586.000 4.720
98.70774306 23.24662326 593.000 4.697
98.69109028 23.24662326 608.000 4.680
98.67443750 23.22997396 538.000 4.657
98.65778472 23.22997396 600.000 4.640
98.64113194 23.22997396 657.000 4.623
98.62447917 23.22997396 579.000 4.607
98.60782639 23.22997396 518.000 4.590
98.59117361 23.22997396 636.000 4.573
98.57452083 23.22997396 596.000 4.557
98.55786806 23.22997396 620.000 4.540
98.54121528 23.22997396 683.000 4.523
98.52456250 23.21332465 639.000 4.500
98.50790972 23.21332465 606.000 4.483
98.49125694 23.21332465 629.000 4.467
98.47460417 23.21332465 589.000 4.450
98.45795139 23.19667535 544.000 4.426
98.45795139 23.18002604 594.000 4.410
98.47460417 23.16337674 581.000 4.386
98.49125694 23.14672743 554.000 4.363
98.50790972 23.14672743 523.000 4.346
98.52456250 23.13007812 575.000 4.322
98.54121528 23.11342882 623.000 4.299
98.55786806 23.09677951 575.000 4.275
98.55786806 23.08013021 534.000 4.259
98.54121528 23.06348090 542.000 4.235
98.52456250 23.04683160 653.000 4.212
98.50790972 23.04683160 560.000 4.195
98.49125694 23.03018229 632.000 4.171
98.49125694 23.01353299 591.000 4.155
98.49125694 22.99688368 615.000 4.138
98.50790972 22.98023437 492.000 4.115
98.52456250 22.96358507 434.000 4.091
98.54121528 22.96358507 446.000 4.074
98.55786806 22.94693576 544.000 4.051
98.57452083 22.93028646 542.000 4.027
98.59117361 22.91363715 650.000 4.004
98.60782639 22.91363715 543.000 3.987
98.62447917 22.91363715 602.000 3.970
98.64113194 22.89698785 675.000 3.947
98.65778472 22.89698785 537.000 3.930
98.65778472 22.88033854 590.000 3.914
98.65778472 22.86368924 552.000 3.897
98.64113194 22.84703993 650.000 3.873
98.62447917 22.83039062 581.000 3.850
98.60782639 22.83039062 617.000 3.833
98.59117361 22.83039062 490.000 3.816
98.57452083 22.83039062 612.000 3.800
98.55786806 22.81374132 610.000 3.776
98.54121528 22.79709201 479.000 3.753
98.52456250 22.78044271 618.000 3.729
98.52456250 22.76379340 533.000 3.713
98.54121528 22.74714410 618.000 3.689
98.54121528 22.73049479 617.000 3.672
98.54121528 22.71384549 504.000 3.656
98.54121528 22.69719618 509.000 3.639
98.55786806 22.68054687 487.000 3.615
98.57452083 22.66389757 482.000 3.592
98.59117361 22.64724826 581.000 3.568
98.59117361 22.63059896 553.000 3.552
98.60782639 22.61394965 566.000 3.528
98.60782639 22.59730035 659.000 3.512
98.60782639 22.58065104 548.000 3.495
98.60782639 22.56400174 526.000 3.478
98.62447917 22.54735243 550.000 3.455
98.64113194 22.53070312 546.000 3.431
98.64113194 22.51405382 517.000 3.414
98.64113194 22.49740451 529.000 3.398
98.64113194 22.48075521 459.000 3.381
98.64113194 22.46410590 443.000 3.365
98.64113194 22.44745660 451.000 3.348
98.62447917 22.43080729 551.000 3.324
98.60782639 22.41415799 532.000 3.301
98.59117361 22.39750868 639.000 3.277
98.59117361 22.38085937 534.000 3.261
98.59117361 22.36421007 454.000 3.244
98.57452083 22.34756076 632.000 3.220
98.57452083 22.33091146 574.000 3.204
98.57452083 22.31426215 458.000 3.187
98.57452083 22.29761285 550.000 3.170
98.57452083 22.28096354 475.000 3.154
98.57452083 22.26431424 598.000 3.137
98.59117361 22.24766493 533.000 3.114
98.59117361 22.23101562 492.000 3.097
98.60782639 22.21436632 546.000 3.073
98.60782639 22.19771701 530.000 3.057
98.60782639 22.18106771 562.000 3.040
98.62447917 22.16441840 497.000 3.017
98.64113194 22.14776910 567.000 2.993
98.64113194 22.13111979 538.000 2.976
98.65778472 22.11447049 544.000 2.953
98.67443750 22.09782118 556.000 2.929
98.69109028 22.08117187 664.000 2.906
98.70774306 22.08117187 553.000 2.889
98.72439583 22.06452257 574.000 2.866
98.74104861 22.06452257 462.000 2.849
98.74104861 22.04787326 492.000 2.832
98.72439583 22.03122396 470.000 2.809
98.72439583 22.01457465 507.000 2.792
98.72439583 21.99792535 506.000 2.775
98.72439583 21.98127604 529.000 2.759
98.70774306 21.96462674 465.000 2.735
98.69109028 21.96462674 431.000 2.719
98.67443750 21.94797743 427.000 2.695
98.65778472 21.94797743 407.000 2.678
98.64113194 21.93132812 457.000 2.655
98.62447917 21.93132812 432.000 2.638
98.60782639 21.91467882 441.000 2.615
98.59117361 21.89802951 474.000 2.591
98.57452083 21.89802951 508.000 2.574
98.55786806 21.88138021 462.000 2.551
98.54121528 21.86473090 422.000 2.527
98.54121528 21.84808160 395.000 2.511
98.55786806 21.83143229 410.000 2.487
98.55786806 21.81478299 391.000 2.470
98.55786806 21.79813368 386.000 2.454
98.57452083 21.78148437 491.000 2.430
98.57452083 21.76483507 386.000 2.414
98.57452083 21.74818576 437.000 2.397
98.57452083 21.73153646 440.000 2.380
98.57452083 21.71488715 514.000 2.364
98.59117361 21.69823785 518.000 2.340
98.60782639 21.68158854 429.000 2.317
98.62447917 21.66493924 422.000 2.293
98.62447917 21.64828993 430.000 2.276
98.64113194 21.63164062 435.000 2.253
98.64113194 21.61499132 477.000 2.236
98.64113194 21.59834201 424.000 2.219
98.64113194 21.58169271 443.000 2.203
98.62447917 21.56504340 361.000 2.179
98.60782639 21.56504340 430.000 2.163
98.59117361 21.54839410 486.000 2.139
98.57452083 21.54839410 392.000 2.122
98.55786806 21.53174479 399.000 2.099
98.57452083 21.51509549 466.000 2.075
98.59117361 21.49844618 449.000 2.052
98.59117361 21.48179687 452.000 2.035
98.59117361 21.46514757 359.000 2.018
98.60782639 21.44849826 373.000 1.995
98.60782639 21.43184896 382.000 1.978
98.62447917 21.41519965 394.000 1.955
98.64113194 21.41519965 414.000 1.938
98.65778472 21.39855035 370.000 1.915
98.65778472 21.38190104 482.000 1.898
98.65778472 21.36525174 401.000 1.881
98.67443750 21.34860243 490.000 1.858
98.67443750 21.33195312 393.000 1.841
98.69109028 21.31530382 439.000 1.817
98.69109028 21.29865451 347.000 1.801
98.69109028 21.28200521 313.000 1.784
98.70774306 21.26535590 412.000 1.761
98.70774306 21.24870660 356.000 1.744
98.70774306 21.23205729 297.000 1.727
98.70774306 21.21540799 322.000 1.711
98.70774306 21.19875868 326.000 1.694
98.70774306 21.18210937 366.000 1.677
98.72439583 21.16546007 438.000 1.654
98.72439583 21.14881076 454.000 1.637
98.74104861 21.13216146 406.000 1.614
98.75770139 21.11551215 437.000 1.590
98.77435417 21.11551215 469.000 1.573
98.79100694 21.09886285 365.000 1.550
98.80765972 21.08221354 407.000 1.526
98.79100694 21.06556424 454.000 1.503
98.77435417 21.04891493 467.000 1.479
98.77435417 21.03226562 492.000 1.463
98.75770139 21.01561632 390.000 1.439
98.74104861 20.99896701 421.000 1.416
98.72439583 20.99896701 479.000 1.399
98.70774306 20.99896701 430.000 1.382
98.69109028 20.99896701 389.000 1.366
98.67443750 20.99896701 327.000 1.349
98.65778472 20.98231771 452.000 1.325
98.64113194 20.98231771 423.000 1.309
98.62447917 20.96566840 428.000 1.285
98.60782639 20.94901910 471.000 1.262
98.59117361 20.94901910 418.000 1.245
98.57452083 20.94901910 386.000 1.228
98.55786806 20.94901910 420.000 1.212
98.54121528 20.93236979 450.000 1.188
98.52456250 20.91572049 403.000 1.165
98.50790972 20.91572049 458.000 1.148
98.49125694 20.89907118 441.000 1.124
98.49125694 20.88242187 389.000 1.108
98.49125694 20.86577257 381.000 1.091
98.49125694 20.84912326 360.000 1.074
98.49125694 20.83247396 423.000 1.058
98.49125694 20.81582465 422.000 1.041
98.49125694 20.79917535 479.000 1.024
98.49125694 20.78252604 428.000 1.008
98.49125694 20.76587674 423.000 0.991
98.50790972 20.74922743 347.000 0.968
98.50790972 20.73257812 302.000 0.951
98.52456250 20.71592882 462.000 0.927
98.54121528 20.69927951 315.000 0.904
98.55786806 20.68263021 388.000 0.880
98.57452083 20.66598090 458.000 0.857
98.57452083 20.64933160 377.000 0.840
98.57452083 20.63268229 384.000 0.823
98.59117361 20.61603299 460.000 0.800
98.60782639 20.59938368 379.000 0.776
98.60782639 20.58273437 380.000 0.760
98.60782639 20.56608507 338.000 0.743
98.60782639 20.54943576 332.000 0.726
98.60782639 20.53278646 451.000 0.710
98.62447917 20.51613715 374.000 0.686
98.64113194 20.49948785 476.000 0.663
98.65778472 20.48283854 391.000 0.639
98.65778472 20.46618924 353.000 0.622
98.65778472 20.44953993 363.000 0.606
98.65778472 20.43289062 388.000 0.589
98.64113194 20.41624132 341.000 0.566
98.64113194 20.39959201 344.000 0.549
98.64113194 20.38294271 337.000 0.532
98.64113194 20.36629340 338.000 0.516
98.64113194 20.34964410 413.000 0.499
98.65778472 20.33299479 392.000 0.475
98.67443750 20.31634549 416.000 0.452
98.69109028 20.29969618 356.000 0.428
98.69109028 20.28304687 437.000 0.412
98.69109028 20.26639757 329.000 0.395
98.69109028 20.24974826 373.000 0.378
98.69109028 20.23309896 439.000 0.362
98.69109028 20.21644965 381.000 0.345
98.69109028 20.19980035 391.000 0.328
98.67443750 20.18315104 354.000 0.305
98.65778472 20.18315104 479.000 0.288
98.64113194 20.16650174 407.000 0.265
98.62447917 20.14985243 350.000 0.241
98.60782639 20.14985243 393.000 0.225
98.59117361 20.14985243 407.000 0.208
98.57452083 20.14985243 321.000 0.191
98.55786806 20.14985243 433.000 0.175
98.54121528 20.13320312 352.000 0.151
98.52456250 20.11655382 370.000 0.127
98.50790972 20.09990451 299.000 0.104
98.49125694 20.08325521 295.000 0.080
98.50790972 20.06660590 405.000 0.057
98.50790972 20.04995660 331.000 0.040
98.52456250 20.03330729 410.000 0.017
