# x;y;z;distance
92.91257639 31.03849826 4875.000 28.269
92.89592361 31.02184896 4872.000 28.245
92.87927083 31.00519965 4866.000 28.222
92.86261806 31.00519965 4848.000 28.205
92.84596528 30.98855035 4862.000 28.182
92.82931250 30.97190104 4865.000 28.158
92.81265972 30.97190104 4833.000 28.142
92.79600694 30.97190104 4816.000 28.125
92.77935417 30.97190104 4804.000 28.108
92.76270139 30.97190104 4792.000 28.092
92.74604861 30.97190104 4784.000 28.075
92.72939583 30.97190104 4783.000 28.058
92.71274306 30.97190104 4795.000 28.042
92.69609028 30.97190104 4803.000 28.025
92.67943750 30.95525174 4832.000 28.001
92.66278472 30.93860243 4793.000 27.978
92.64613194 30.93860243 4776.000 27.961
92.62947917 30.93860243 4765.000 27.945
92.61282639 30.92195312 4884.000 27.921
92.59617361 30.92195312 4796.000 27.904
92.57952083 30.90530382 4803.000 27.881
92.56286806 30.88865451 4749.000 27.857
92.56286806 30.87200521 4751.000 27.841
92.54621528 30.85535590 4795.000 27.817
92.54621528 30.83870660 4768.000 27.800
92.54621528 30.82205729 4754.000 27.784
92.54621528 30.80540799 4825.000 27.767
92.54621528 30.78875868 4883.000 27.750
92.52956250 30.77210937 4762.000 27.727
92.51290972 30.77210937 4721.000 27.710
92.49625694 30.77210937 4724.000 27.694
92.47960417 30.75546007 4816.000 27.670
92.46295139 30.73881076 4873.000 27.647
92.44629861 30.73881076 4702.000 27.630
92.42964583 30.73881076 4789.000 27.613
92.41299306 30.73881076 4738.000 27.597
92.39634028 30.73881076 4733.000 27.580
92.37968750 30.73881076 4759.000 27.563
92.36303472 30.73881076 4685.000 27.547
92.34638194 30.73881076 4713.000 27.530
92.32972917 30.75546007 4754.000 27.506
92.31307639 30.77210937 4821.000 27.483
92.29642361 30.78875868 4773.000 27.459
92.27977083 30.78875868 4782.000 27.443
92.26311806 30.78875868 4788.000 27.426
92.24646528 30.78875868 4741.000 27.409
92.22981250 30.77210937 4896.000 27.386
92.24646528 30.75546007 4696.000 27.362
92.22981250 30.73881076 4845.000 27.339
92.22981250 30.72216146 4700.000 27.322
92.22981250 30.70551215 4677.000 27.305
92.24646528 30.68886285 4862.000 27.282
92.24646528 30.67221354 4652.000 27.265
92.26311806 30.65556424 4600.000 27.242
92.27977083 30.63891493 4588.000 27.218
92.29642361 30.62226562 4603.000 27.195
92.31307639 30.60561632 4624.000 27.171
92.32972917 30.58896701 4606.000 27.147
92.32972917 30.57231771 4736.000 27.131
92.32972917 30.55566840 4680.000 27.114
92.32972917 30.53901910 4713.000 27.098
92.32972917 30.52236979 4638.000 27.081
92.32972917 30.50572049 4652.000 27.064
92.32972917 30.48907118 4637.000 27.048
92.32972917 30.47242187 4737.000 27.031
92.31307639 30.45577257 4612.000 27.007
92.29642361 30.45577257 4825.000 26.991
92.27977083 30.47242187 4823.000 26.967
92.26311806 30.47242187 4685.000 26.951
92.24646528 30.47242187 4731.000 26.934
92.22981250 30.47242187 4661.000 26.917
92.21315972 30.45577257 4637.000 26.894
92.19650694 30.43912326 4575.000 26.870
92.17985417 30.43912326 4645.000 26.853
92.16320139 30.43912326 4606.000 26.837
92.14654861 30.43912326 4570.000 26.820
92.12989583 30.43912326 4536.000 26.804
92.11324306 30.43912326 4714.000 26.787
92.09659028 30.42247396 4606.000 26.763
92.07993750 30.43912326 4548.000 26.740
92.06328472 30.43912326 4434.000 26.723
92.04663194 30.43912326 4511.000 26.706
92.02997917 30.42247396 4648.000 26.683
92.01332639 30.43912326 4495.000 26.659
91.99667361 30.43912326 4511.000 26.643
91.98002083 30.43912326 4505.000 26.626
91.96336806 30.43912326 4584.000 26.609
91.94671528 30.42247396 4609.000 26.586
91.93006250 30.42247396 4488.000 26.569
91.91340972 30.43912326 4608.000 26.546
91.89675694 30.43912326 4532.000 26.529
91.88010417 30.42247396 4480.000 26.505
91.86345139 30.43912326 4484.000 26.482
91.84679861 30.43912326 4382.000 26.465
91.83014583 30.43912326 4391.000 26.449
91.81349306 30.43912326 4424.000 26.432
91.79684028 30.42247396 4354.000 26.408
91.78018750 30.42247396 4362.000 26.392
91.76353472 30.40582465 4403.000 26.368
91.74688194 30.42247396 4363.000 26.345
91.73022917 30.40582465 4451.000 26.321
91.71357639 30.38917535 4402.000 26.298
91.71357639 30.37252604 4335.000 26.281
91.69692361 30.35587674 4383.000 26.257
91.68027083 30.33922743 4393.000 26.234
91.66361806 30.32257812 4444.000 26.210
91.64696528 30.32257812 4303.000 26.194
91.63031250 30.32257812 4288.000 26.177
91.61365972 30.32257812 4265.000 26.160
91.59700694 30.32257812 4262.000 26.144
91.58035417 30.30592882 4359.000 26.120
91.56370139 30.32257812 4411.000 26.097
91.54704861 30.32257812 4250.000 26.080
91.53039583 30.30592882 4168.000 26.056
91.51374306 30.28927951 4159.000 26.033
91.49709028 30.30592882 4216.000 26.009
91.48043750 30.30592882 4181.000 25.993
91.46378472 30.28927951 4118.000 25.969
91.44713194 30.28927951 4235.000 25.952
91.43047917 30.28927951 4204.000 25.936
91.41382639 30.28927951 4171.000 25.919
91.39717361 30.27263021 4118.000 25.896
91.39717361 30.25598090 4114.000 25.879
91.38052083 30.23933160 4095.000 25.855
91.36386806 30.22268229 4100.000 25.832
91.36386806 30.20603299 4122.000 25.815
91.34721528 30.18938368 4052.000 25.792
91.36386806 30.17273437 4052.000 25.768
91.36386806 30.15608507 4073.000 25.751
91.38052083 30.13943576 4097.000 25.728
91.39717361 30.13943576 4044.000 25.711
91.41382639 30.13943576 4061.000 25.695
91.43047917 30.13943576 4053.000 25.678
91.44713194 30.12278646 4083.000 25.654
91.46378472 30.12278646 4106.000 25.638
91.48043750 30.10613715 4045.000 25.614
91.49709028 30.10613715 4026.000 25.598
91.51374306 30.08948785 3990.000 25.574
91.53039583 30.08948785 3992.000 25.557
91.54704861 30.07283854 4034.000 25.534
91.56370139 30.07283854 3997.000 25.517
91.58035417 30.07283854 3993.000 25.500
91.59700694 30.07283854 3983.000 25.484
91.61365972 30.07283854 3984.000 25.467
91.63031250 30.07283854 4024.000 25.450
91.64696528 30.05618924 4001.000 25.427
91.66361806 30.05618924 4041.000 25.410
91.68027083 30.05618924 3966.000 25.394
91.69692361 30.05618924 3965.000 25.377
91.71357639 30.07283854 4053.000 25.353
91.73022917 30.07283854 3995.000 25.337
91.74688194 30.07283854 3939.000 25.320
91.76353472 30.07283854 3973.000 25.303
91.78018750 30.07283854 3928.000 25.287
91.79684028 30.05618924 3986.000 25.263
91.81349306 30.03953993 3921.000 25.240
91.83014583 30.03953993 3941.000 25.223
91.84679861 30.02289062 3893.000 25.200
91.86345139 30.00624132 3952.000 25.176
91.88010417 30.00624132 3887.000 25.159
91.89675694 29.98959201 3932.000 25.136
91.89675694 29.97294271 3935.000 25.119
91.88010417 29.95629340 3870.000 25.096
91.86345139 29.93964410 3858.000 25.072
91.84679861 29.92299479 3859.000 25.048
91.83014583 29.90634549 3911.000 25.025
91.81349306 29.90634549 3837.000 25.008
91.79684028 29.88969618 3841.000 24.985
91.78018750 29.87304687 3936.000 24.961
91.76353472 29.87304687 3841.000 24.945
91.74688194 29.85639757 3818.000 24.921
91.73022917 29.83974826 3816.000 24.897
91.71357639 29.82309896 3950.000 24.874
91.69692361 29.82309896 3903.000 24.857
91.68027083 29.82309896 3792.000 24.841
91.66361806 29.80644965 3817.000 24.817
91.64696528 29.80644965 3793.000 24.800
91.63031250 29.80644965 3775.000 24.784
91.61365972 29.80644965 3771.000 24.767
91.59700694 29.80644965 3772.000 24.750
91.58035417 29.80644965 3837.000 24.734
91.56370139 29.80644965 3791.000 24.717
91.54704861 29.80644965 3768.000 24.700
91.53039583 29.78980035 3828.000 24.677
91.51374306 29.78980035 3755.000 24.660
91.49709028 29.77315104 3759.000 24.637
91.48043750 29.77315104 3816.000 24.620
91.46378472 29.75650174 3847.000 24.597
91.44713194 29.73985243 3723.000 24.573
91.43047917 29.72320312 3712.000 24.549
91.41382639 29.70655382 3730.000 24.526
91.39717361 29.68990451 3704.000 24.502
91.38052083 29.67325521 3733.000 24.479
91.36386806 29.65660590 3744.000 24.455
91.34721528 29.65660590 3940.000 24.439
91.33056250 29.65660590 3921.000 24.422
91.31390972 29.65660590 3724.000 24.405
91.29725694 29.63995660 3753.000 24.382
91.28060417 29.63995660 3873.000 24.365
91.26395139 29.63995660 3751.000 24.348
91.24729861 29.63995660 3687.000 24.332
91.23064583 29.63995660 3674.000 24.315
91.21399306 29.63995660 3666.000 24.298
91.19734028 29.63995660 3662.000 24.282
91.18068750 29.63995660 3660.000 24.265
91.16403472 29.63995660 3693.000 24.249
91.14738194 29.62330729 3716.000 24.225
91.13072917 29.60665799 3894.000 24.201
91.11407639 29.59000868 3900.000 24.178
91.09742361 29.59000868 3904.000 24.161
91.08077083 29.57335937 3890.000 24.138
91.06411806 29.55671007 3688.000 24.114
91.04746528 29.54006076 3900.000 24.091
91.03081250 29.52341146 3682.000 24.067
91.01415972 29.52341146 3665.000 24.050
90.99750694 29.52341146 3668.000 24.034
90.98085417 29.50676215 3631.000 24.010
90.96420139 29.49011285 3623.000 23.987
90.94754861 29.47346354 3607.000 23.963
90.93089583 29.45681424 3611.000 23.940
90.93089583 29.44016493 3649.000 23.923
90.93089583 29.42351562 3602.000 23.906
90.93089583 29.40686632 3632.000 23.890
90.93089583 29.39021701 3703.000 23.873
90.93089583 29.37356771 3872.000 23.856
90.94754861 29.35691840 3895.000 23.833
90.96420139 29.34026910 3669.000 23.809
90.98085417 29.32361979 3569.000 23.786
90.99750694 29.30697049 3566.000 23.762
91.01415972 29.29032118 3567.000 23.739
91.03081250 29.29032118 3566.000 23.722
91.04746528 29.29032118 3566.000 23.705
91.06411806 29.29032118 3625.000 23.689
91.08077083 29.27367187 3673.000 23.665
91.09742361 29.27367187 3576.000 23.648
91.11407639 29.27367187 3602.000 23.632
91.13072917 29.27367187 3709.000 23.615
91.14738194 29.27367187 3643.000 23.598
91.16403472 29.27367187 3795.000 23.582
91.18068750 29.27367187 3624.000 23.565
91.19734028 29.27367187 3601.000 23.548
91.21399306 29.27367187 3594.000 23.532
91.23064583 29.27367187 3573.000 23.515
91.24729861 29.27367187 3562.000 23.498
91.26395139 29.27367187 3562.000 23.482
91.28060417 29.27367187 3558.000 23.465
91.29725694 29.27367187 3559.000 23.449
91.31390972 29.27367187 3557.000 23.432
91.33056250 29.27367187 3557.000 23.415
91.34721528 29.27367187 3558.000 23.399
91.36386806 29.27367187 3558.000 23.382
91.38052083 29.27367187 3558.000 23.365
91.39717361 29.27367187 3557.000 23.349
91.41382639 29.27367187 3556.000 23.332
91.43047917 29.27367187 3556.000 23.315
91.44713194 29.27367187 3554.000 23.299
91.46378472 29.27367187 3553.000 23.282
91.48043750 29.27367187 3552.000 23.265
91.49709028 29.27367187 3552.000 23.249
91.51374306 29.27367187 3553.000 23.232
91.53039583 29.27367187 3553.000 23.215
91.54704861 29.27367187 3560.000 23.199
91.56370139 29.27367187 3552.000 23.182
91.58035417 29.27367187 3552.000 23.165
91.59700694 29.27367187 3552.000 23.149
91.61365972 29.27367187 3552.000 23.132
91.63031250 29.27367187 3550.000 23.115
91.64696528 29.27367187 3553.000 23.099
91.66361806 29.27367187 3597.000 23.082
91.68027083 29.27367187 3568.000 23.066
91.69692361 29.27367187 3579.000 23.049
91.71357639 29.27367187 3600.000 23.032
91.73022917 29.27367187 3750.000 23.016
91.74688194 29.27367187 3832.000 22.999
91.76353472 29.27367187 3619.000 22.982
91.78018750 29.27367187 3579.000 22.966
91.79684028 29.27367187 3558.000 22.949
91.81349306 29.27367187 3554.000 22.932
91.83014583 29.27367187 3553.000 22.916
91.84679861 29.27367187 3553.000 22.899
91.86345139 29.27367187 3563.000 22.882
91.88010417 29.27367187 3558.000 22.866
91.89675694 29.27367187 3560.000 22.849
91.91340972 29.27367187 3557.000 22.832
91.93006250 29.25702257 3679.000 22.809
91.94671528 29.25702257 3687.000 22.792
91.96336806 29.25702257 3567.000 22.776
91.98002083 29.25702257 3579.000 22.759
91.99667361 29.25702257 3653.000 22.742
92.01332639 29.27367187 3767.000 22.719
92.02997917 29.27367187 3691.000 22.702
92.04663194 29.27367187 3644.000 22.685
92.06328472 29.27367187 3615.000 22.669
92.07993750 29.27367187 3899.000 22.652
92.09659028 29.27367187 3662.000 22.635
92.11324306 29.27367187 3736.000 22.619
92.12989583 29.27367187 3864.000 22.602
92.14654861 29.27367187 3900.000 22.585
92.16320139 29.27367187 3803.000 22.569
92.17985417 29.25702257 3858.000 22.545
92.19650694 29.24037326 3792.000 22.522
92.21315972 29.24037326 3761.000 22.505
92.22981250 29.24037326 3821.000 22.488
92.24646528 29.24037326 3844.000 22.472
92.26311806 29.24037326 3901.000 22.455
92.27977083 29.24037326 3858.000 22.438
92.29642361 29.22372396 3959.000 22.415
92.31307639 29.22372396 3860.000 22.398
92.32972917 29.22372396 3815.000 22.382
92.34638194 29.22372396 3766.000 22.365
92.36303472 29.22372396 3754.000 22.348
92.37968750 29.22372396 3707.000 22.332
92.39634028 29.24037326 3627.000 22.308
92.41299306 29.25702257 3582.000 22.285
92.42964583 29.25702257 3736.000 22.268
92.44629861 29.24037326 3785.000 22.244
92.46295139 29.25702257 3684.000 22.221
92.47960417 29.24037326 3581.000 22.197
92.49625694 29.22372396 3587.000 22.174
92.51290972 29.20707465 3572.000 22.150
92.51290972 29.19042535 3553.000 22.133
92.52956250 29.17377604 3479.000 22.110
92.52956250 29.15712674 3396.000 22.093
92.54621528 29.14047743 3304.000 22.070
92.56286806 29.14047743 3324.000 22.053
92.57952083 29.14047743 3407.000 22.036
92.59617361 29.12382812 3292.000 22.013
92.61282639 29.10717882 3274.000 21.989
92.62947917 29.10717882 3302.000 21.973
92.64613194 29.10717882 3287.000 21.956
92.66278472 29.10717882 3494.000 21.939
92.67943750 29.10717882 3297.000 21.923
92.69609028 29.09052951 3534.000 21.899
92.71274306 29.09052951 3426.000 21.883
92.72939583 29.07388021 3289.000 21.859
92.74604861 29.07388021 3188.000 21.842
92.76270139 29.07388021 3329.000 21.826
92.77935417 29.07388021 3237.000 21.809
92.79600694 29.07388021 3224.000 21.792
92.81265972 29.07388021 3219.000 21.776
92.82931250 29.07388021 3151.000 21.759
92.84596528 29.07388021 3187.000 21.742
92.86261806 29.07388021 3177.000 21.726
92.87927083 29.07388021 3188.000 21.709
92.89592361 29.05723090 3528.000 21.686
92.91257639 29.05723090 3212.000 21.669
92.92922917 29.05723090 3367.000 21.652
92.94588194 29.04058160 3407.000 21.629
92.96253472 29.04058160 3491.000 21.612
92.97918750 29.04058160 3437.000 21.595
92.99584028 29.04058160 3291.000 21.579
93.01249306 29.04058160 3361.000 21.562
93.02914583 29.04058160 3377.000 21.545
93.04579861 29.04058160 3200.000 21.529
93.06245139 29.04058160 3234.000 21.512
93.07910417 29.05723090 3252.000 21.489
93.07910417 29.07388021 3303.000 21.472
93.07910417 29.09052951 3542.000 21.455
93.09575694 29.10717882 3328.000 21.432
93.11240972 29.10717882 3387.000 21.415
93.12906250 29.12382812 3352.000 21.392
93.14571528 29.10717882 3519.000 21.368
93.14571528 29.09052951 3478.000 21.351
93.16236806 29.07388021 3262.000 21.328
93.16236806 29.05723090 3438.000 21.311
93.16236806 29.04058160 3218.000 21.294
93.16236806 29.02393229 3158.000 21.278
93.17902083 29.00728299 3221.000 21.254
93.19567361 29.02393229 3227.000 21.231
93.21232639 29.02393229 3146.000 21.214
93.22897917 29.00728299 3152.000 21.191
93.24563194 29.00728299 3183.000 21.174
93.26228472 29.00728299 3321.000 21.157
93.27893750 29.00728299 3340.000 21.141
93.29559028 29.00728299 3369.000 21.124
93.31224306 29.00728299 3254.000 21.107
93.32889583 29.02393229 3210.000 21.084
93.34554861 29.04058160 3141.000 21.060
93.36220139 29.04058160 3303.000 21.044
93.37885417 29.05723090 3179.000 21.020
93.39550694 29.07388021 3400.000 20.996
93.39550694 29.09052951 3145.000 20.980
93.41215972 29.10717882 3207.000 20.956
93.42881250 29.10717882 3076.000 20.940
93.44546528 29.12382812 3100.000 20.916
93.46211806 29.14047743 3159.000 20.892
93.46211806 29.15712674 3130.000 20.876
93.47877083 29.17377604 3259.000 20.852
93.49542361 29.17377604 3171.000 20.836
93.51207639 29.17377604 3176.000 20.819
93.52872917 29.17377604 3083.000 20.802
93.54538194 29.17377604 3076.000 20.786
93.56203472 29.17377604 3262.000 20.769
93.57868750 29.17377604 3114.000 20.752
93.59534028 29.17377604 3158.000 20.736
93.61199306 29.17377604 3059.000 20.719
93.62864583 29.15712674 3075.000 20.696
93.64529861 29.14047743 3104.000 20.672
93.66195139 29.14047743 3045.000 20.655
93.67860417 29.15712674 3019.000 20.632
93.69525694 29.15712674 3001.000 20.615
93.71190972 29.14047743 3000.000 20.592
93.72856250 29.12382812 3037.000 20.568
93.74521528 29.14047743 3047.000 20.544
93.76186806 29.14047743 3083.000 20.528
93.77852083 29.12382812 3083.000 20.504
93.79517361 29.12382812 2976.000 20.488
93.81182639 29.12382812 3081.000 20.471
93.82847917 29.14047743 3020.000 20.447
93.84513194 29.14047743 2969.000 20.431
93.86178472 29.12382812 3069.000 20.407
93.87843750 29.12382812 2987.000 20.391
93.89509028 29.12382812 3039.000 20.374
93.91174306 29.14047743 3002.000 20.350
93.91174306 29.15712674 2980.000 20.334
93.92839583 29.17377604 3077.000 20.310
93.94504861 29.19042535 2959.000 20.287
93.96170139 29.19042535 2963.000 20.270
93.97835417 29.19042535 2961.000 20.253
93.99500694 29.19042535 2980.000 20.237
94.01165972 29.19042535 3019.000 20.220
94.02831250 29.19042535 3054.000 20.203
94.04496528 29.19042535 3033.000 20.187
94.06161806 29.20707465 2988.000 20.163
94.07827083 29.20707465 2962.000 20.147
94.09492361 29.20707465 2972.000 20.130
94.11157639 29.19042535 3141.000 20.106
94.12822917 29.19042535 3004.000 20.090
94.14488194 29.19042535 2956.000 20.073
94.16153472 29.19042535 2949.000 20.056
94.17818750 29.20707465 3003.000 20.033
94.19484028 29.22372396 3118.000 20.009
94.21149306 29.22372396 2937.000 19.993
94.22814583 29.24037326 2984.000 19.969
94.24479861 29.25702257 3071.000 19.946
94.26145139 29.25702257 2937.000 19.929
94.27810417 29.27367187 3013.000 19.905
94.29475694 29.27367187 2967.000 19.889
94.31140972 29.29032118 2928.000 19.865
94.32806250 29.30697049 2962.000 19.842
94.34471528 29.32361979 3032.000 19.818
94.36136806 29.32361979 2972.000 19.801
94.37802083 29.34026910 3086.000 19.778
94.39467361 29.34026910 2935.000 19.761
94.41132639 29.35691840 2942.000 19.738
94.42797917 29.37356771 2921.000 19.714
94.44463194 29.39021701 2921.000 19.691
94.46128472 29.40686632 2945.000 19.667
94.47793750 29.42351562 2943.000 19.643
94.49459028 29.44016493 2921.000 19.620
94.51124306 29.44016493 2923.000 19.603
94.52789583 29.45681424 3000.000 19.580
94.54454861 29.47346354 2980.000 19.556
94.56120139 29.47346354 2930.000 19.539
94.57785417 29.47346354 2922.000 19.523
94.59450694 29.47346354 2919.000 19.506
94.61115972 29.47346354 2917.000 19.489
94.62781250 29.45681424 3029.000 19.466
94.64446528 29.45681424 2962.000 19.449
94.66111806 29.45681424 2996.000 19.433
94.67777083 29.45681424 2958.000 19.416
94.69442361 29.45681424 2936.000 19.399
94.71107639 29.45681424 2954.000 19.383
94.72772917 29.45681424 2933.000 19.366
94.74438194 29.47346354 2978.000 19.342
94.76103472 29.47346354 2924.000 19.326
94.77768750 29.47346354 2928.000 19.309
94.79434028 29.45681424 2971.000 19.286
94.81099306 29.45681424 2970.000 19.269
94.82764583 29.47346354 2957.000 19.245
94.82764583 29.49011285 2932.000 19.229
94.84429861 29.50676215 2945.000 19.205
94.86095139 29.50676215 3016.000 19.189
94.87760417 29.52341146 3099.000 19.165
94.89425694 29.54006076 3057.000 19.141
94.89425694 29.55671007 2972.000 19.125
94.91090972 29.57335937 3033.000 19.101
94.92756250 29.59000868 3001.000 19.078
94.94421528 29.60665799 3031.000 19.054
94.92756250 29.62330729 2944.000 19.031
94.91090972 29.62330729 2966.000 19.014
94.89425694 29.63995660 2972.000 18.990
94.91090972 29.65660590 2983.000 18.967
94.91090972 29.67325521 3043.000 18.950
94.89425694 29.68990451 2910.000 18.927
94.91090972 29.70655382 2900.000 18.903
94.92756250 29.72320312 3022.000 18.880
94.94421528 29.73985243 3141.000 18.856
94.96086806 29.75650174 2936.000 18.833
94.97752083 29.75650174 2897.000 18.816
94.99417361 29.77315104 3005.000 18.792
95.01082639 29.75650174 2819.000 18.769
95.02747917 29.75650174 2961.000 18.752
95.04413194 29.75650174 2885.000 18.735
95.06078472 29.73985243 2993.000 18.712
95.07743750 29.73985243 2602.000 18.695
95.09409028 29.73985243 2766.000 18.679
95.11074306 29.73985243 2669.000 18.662
95.12739583 29.75650174 2841.000 18.638
95.14404861 29.75650174 2639.000 18.622
95.16070139 29.75650174 2679.000 18.605
95.17735417 29.75650174 2512.000 18.588
95.17735417 29.77315104 2661.000 18.572
95.16070139 29.78980035 2258.000 18.548
95.14404861 29.80644965 2119.000 18.525
95.12739583 29.82309896 2341.000 18.501
95.11074306 29.82309896 2158.000 18.484
95.09409028 29.83974826 2062.000 18.461
95.11074306 29.85639757 2153.000 18.437
95.11074306 29.87304687 1948.000 18.421
95.12739583 29.88969618 1732.000 18.397
95.14404861 29.90634549 2004.000 18.374
95.16070139 29.90634549 1990.000 18.357
95.17735417 29.90634549 2051.000 18.340
95.19400694 29.88969618 1825.000 18.317
95.21065972 29.87304687 1763.000 18.293
95.21065972 29.85639757 1721.000 18.277
95.21065972 29.83974826 1843.000 18.260
95.21065972 29.82309896 1778.000 18.243
95.22731250 29.82309896 1791.000 18.227
95.24396528 29.82309896 1648.000 18.210
95.26061806 29.82309896 1552.000 18.193
95.27727083 29.82309896 1423.000 18.177
95.29392361 29.80644965 1426.000 18.153
95.29392361 29.78980035 1379.000 18.136
95.29392361 29.77315104 1460.000 18.120
95.29392361 29.75650174 1375.000 18.103
95.31057639 29.73985243 1476.000 18.080
95.31057639 29.72320312 1472.000 18.063
95.32722917 29.70655382 1299.000 18.039
95.34388194 29.70655382 1356.000 18.023
95.36053472 29.68990451 1432.000 17.999
95.37718750 29.67325521 1206.000 17.976
95.37718750 29.65660590 1471.000 17.959
95.36053472 29.63995660 1339.000 17.935
95.37718750 29.62330729 1397.000 17.912
95.39384028 29.62330729 1167.000 17.895
95.39384028 29.60665799 1232.000 17.879
95.37718750 29.59000868 1137.000 17.855
95.37718750 29.57335937 1081.000 17.838
95.39384028 29.55671007 1229.000 17.815
95.39384028 29.54006076 1384.000 17.798
95.41049306 29.52341146 1258.000 17.775
95.42714583 29.50676215 1386.000 17.751
95.41049306 29.49011285 1037.000 17.728
95.42714583 29.47346354 1188.000 17.704
95.42714583 29.45681424 1026.000 17.687
95.41049306 29.44016493 967.000 17.664
95.41049306 29.42351562 1052.000 17.647
95.39384028 29.40686632 1120.000 17.624
95.37718750 29.40686632 938.000 17.607
95.36053472 29.39021701 970.000 17.583
95.36053472 29.37356771 1002.000 17.567
95.34388194 29.35691840 930.000 17.543
95.32722917 29.34026910 969.000 17.520
95.31057639 29.32361979 872.000 17.496
95.29392361 29.30697049 887.000 17.473
95.27727083 29.29032118 936.000 17.449
95.26061806 29.29032118 1014.000 17.432
95.24396528 29.27367187 880.000 17.409
95.22731250 29.27367187 964.000 17.392
95.21065972 29.27367187 921.000 17.376
95.19400694 29.25702257 882.000 17.352
95.17735417 29.25702257 942.000 17.335
95.16070139 29.24037326 825.000 17.312
95.14404861 29.24037326 902.000 17.295
95.12739583 29.22372396 826.000 17.272
95.11074306 29.20707465 934.000 17.248
95.09409028 29.19042535 857.000 17.225
95.07743750 29.19042535 980.000 17.208
95.06078472 29.19042535 848.000 17.191
95.04413194 29.17377604 909.000 17.168
95.02747917 29.17377604 799.000 17.151
95.01082639 29.15712674 846.000 17.127
95.01082639 29.14047743 973.000 17.111
95.01082639 29.12382812 855.000 17.094
94.99417361 29.12382812 890.000 17.078
94.97752083 29.12382812 790.000 17.061
94.96086806 29.10717882 646.000 17.037
94.94421528 29.09052951 782.000 17.014
94.94421528 29.07388021 819.000 16.997
94.92756250 29.05723090 604.000 16.974
94.91090972 29.04058160 597.000 16.950
94.89425694 29.02393229 674.000 16.926
94.89425694 29.00728299 666.000 16.910
94.87760417 28.99063368 721.000 16.886
94.87760417 28.97398437 730.000 16.870
94.86095139 28.95733507 488.000 16.846
94.84429861 28.94068576 608.000 16.823
94.82764583 28.94068576 562.000 16.806
94.81099306 28.92403646 574.000 16.782
94.79434028 28.92403646 538.000 16.766
94.77768750 28.90738715 517.000 16.742
94.77768750 28.89073785 523.000 16.725
94.77768750 28.87408854 587.000 16.709
94.79434028 28.85743924 735.000 16.685
94.79434028 28.84078993 615.000 16.669
94.79434028 28.82414062 716.000 16.652
94.81099306 28.80749132 561.000 16.628
94.82764583 28.80749132 551.000 16.612
94.84429861 28.80749132 741.000 16.595
94.86095139 28.80749132 715.000 16.578
94.87760417 28.82414062 539.000 16.555
94.89425694 28.82414062 527.000 16.538
94.91090972 28.80749132 597.000 16.515
94.89425694 28.79084201 742.000 16.491
94.87760417 28.77419271 476.000 16.468
94.89425694 28.75754340 471.000 16.444
94.91090972 28.75754340 551.000 16.427
94.92756250 28.74089410 479.000 16.404
94.94421528 28.74089410 529.000 16.387
94.96086806 28.72424479 464.000 16.364
94.97752083 28.70759549 460.000 16.340
94.99417361 28.69094618 494.000 16.317
95.01082639 28.67429687 412.000 16.293
95.01082639 28.65764757 387.000 16.276
95.02747917 28.64099826 404.000 16.253
95.02747917 28.62434896 351.000 16.236
95.04413194 28.60769965 423.000 16.213
95.06078472 28.59105035 352.000 16.189
95.07743750 28.57440104 425.000 16.166
95.07743750 28.55775174 403.000 16.149
95.07743750 28.54110243 484.000 16.132
95.07743750 28.52445312 369.000 16.116
95.09409028 28.50780382 362.000 16.092
95.09409028 28.49115451 425.000 16.075
95.09409028 28.47450521 428.000 16.059
95.09409028 28.45785590 482.000 16.042
95.09409028 28.44120660 348.000 16.025
95.07743750 28.42455729 402.000 16.002
95.07743750 28.40790799 339.000 15.985
95.07743750 28.39125868 436.000 15.969
95.07743750 28.37460937 417.000 15.952
95.06078472 28.35796007 456.000 15.928
95.04413194 28.34131076 377.000 15.905
95.02747917 28.34131076 332.000 15.888
95.01082639 28.34131076 371.000 15.872
94.99417361 28.32466146 447.000 15.848
94.97752083 28.30801215 386.000 15.824
94.97752083 28.29136285 385.000 15.808
94.99417361 28.27471354 442.000 15.784
94.99417361 28.25806424 348.000 15.768
95.01082639 28.24141493 481.000 15.744
95.01082639 28.22476562 383.000 15.727
95.01082639 28.20811632 387.000 15.711
95.02747917 28.19146701 340.000 15.687
95.04413194 28.17481771 352.000 15.664
95.06078472 28.15816840 334.000 15.640
95.07743750 28.15816840 532.000 15.623
95.09409028 28.14151910 362.000 15.600
95.11074306 28.14151910 346.000 15.583
95.12739583 28.12486979 449.000 15.560
95.14404861 28.14151910 306.000 15.536
95.16070139 28.14151910 423.000 15.520
95.17735417 28.15816840 310.000 15.496
95.19400694 28.15816840 392.000 15.479
95.21065972 28.17481771 263.000 15.456
95.22731250 28.17481771 370.000 15.439
95.24396528 28.15816840 453.000 15.416
95.26061806 28.15816840 303.000 15.399
95.27727083 28.14151910 315.000 15.375
95.29392361 28.12486979 184.000 15.352
95.31057639 28.10822049 170.000 15.328
95.32722917 28.09157118 156.000 15.305
95.34388194 28.07492187 151.000 15.281
95.36053472 28.07492187 151.000 15.265
95.37718750 28.07492187 152.000 15.248
95.39384028 28.05827257 147.000 15.224
95.41049306 28.04162326 144.000 15.201
95.41049306 28.02497396 141.000 15.184
95.41049306 28.00832465 139.000 15.167
95.41049306 27.99167535 136.000 15.151
95.39384028 27.97502604 134.000 15.127
95.39384028 27.95837674 133.000 15.111
95.39384028 27.94172743 129.000 15.094
95.41049306 27.92507812 129.000 15.070
95.41049306 27.90842882 127.000 15.054
95.41049306 27.89177951 124.000 15.037
95.39384028 27.87513021 124.000 15.014
95.39384028 27.85848090 123.000 14.997
95.37718750 27.84183160 122.000 14.973
95.36053472 27.82518229 120.000 14.950
95.34388194 27.80853299 119.000 14.926
95.32722917 27.79188368 118.000 14.903
95.31057639 27.77523437 116.000 14.879
95.29392361 27.75858507 116.000 14.856
95.27727083 27.74193576 113.000 14.832
95.26061806 27.72528646 111.000 14.809
95.24396528 27.70863715 111.000 14.785
95.24396528 27.69198785 112.000 14.768
95.22731250 27.67533854 113.000 14.745
95.21065972 27.67533854 111.000 14.728
95.19400694 27.65868924 106.000 14.705
95.17735417 27.64203993 107.000 14.681
95.16070139 27.62539062 107.000 14.658
95.14404861 27.60874132 107.000 14.634
95.12739583 27.59209201 107.000 14.610
95.11074306 27.57544271 107.000 14.587
95.09409028 27.55879340 107.000 14.563
95.07743750 27.55879340 108.000 14.547
95.06078472 27.54214410 108.000 14.523
95.04413194 27.54214410 106.000 14.506
95.02747917 27.55879340 106.000 14.483
95.01082639 27.55879340 105.000 14.466
94.99417361 27.54214410 105.000 14.443
94.97752083 27.54214410 105.000 14.426
94.96086806 27.55879340 104.000 14.403
94.94421528 27.55879340 103.000 14.386
94.92756250 27.55879340 103.000 14.369
94.91090972 27.55879340 103.000 14.353
94.89425694 27.54214410 104.000 14.329
94.87760417 27.52549479 103.000 14.305
94.87760417 27.50884549 102.000 14.289
94.86095139 27.49219618 102.000 14.265
94.84429861 27.49219618 101.000 14.249
94.82764583 27.49219618 100.000 14.232
94.81099306 27.49219618 99.000 14.215
94.79434028 27.47554687 99.000 14.192
94.77768750 27.45889757 99.000 14.168
94.76103472 27.44224826 98.000 14.145
94.76103472 27.42559896 98.000 14.128
94.76103472 27.40894965 98.000 14.111
94.76103472 27.39230035 99.000 14.095
94.74438194 27.37565104 99.000 14.071
94.74438194 27.35900174 98.000 14.055
94.74438194 27.34235243 98.000 14.038
94.72772917 27.32570312 97.000 14.014
94.71107639 27.30905382 96.000 13.991
94.69442361 27.29240451 96.000 13.967
94.67777083 27.27575521 96.000 13.944
94.66111806 27.25910590 95.000 13.920
94.67777083 27.24245660 95.000 13.897
94.66111806 27.22580729 94.000 13.873
94.64446528 27.22580729 94.000 13.856
94.62781250 27.20915799 93.000 13.833
94.62781250 27.19250868 94.000 13.816
94.62781250 27.17585937 93.000 13.800
94.64446528 27.15921007 93.000 13.776
94.64446528 27.14256076 91.000 13.759
94.62781250 27.12591146 90.000 13.736
94.61115972 27.10926215 89.000 13.712
94.59450694 27.12591146 92.000 13.689
94.57785417 27.14256076 91.000 13.665
94.56120139 27.12591146 91.000 13.642
94.54454861 27.10926215 91.000 13.618
94.52789583 27.10926215 89.000 13.601
94.51124306 27.09261285 89.000 13.578
94.51124306 27.07596354 88.000 13.561
94.51124306 27.05931424 87.000 13.545
94.49459028 27.04266493 86.000 13.521
94.47793750 27.02601562 87.000 13.497
94.46128472 27.02601562 85.000 13.481
94.44463194 27.00936632 85.000 13.457
94.42797917 26.99271701 85.000 13.434
94.41132639 26.97606771 83.000 13.410
94.39467361 26.95941840 85.000 13.387
94.37802083 26.94276910 84.000 13.363
94.36136806 26.94276910 85.000 13.346
94.34471528 26.94276910 84.000 13.330
94.32806250 26.92611979 84.000 13.306
94.31140972 26.90947049 85.000 13.283
94.29475694 26.89282118 85.000 13.259
94.27810417 26.89282118 83.000 13.242
94.26145139 26.90947049 83.000 13.219
94.24479861 26.90947049 84.000 13.202
94.22814583 26.90947049 83.000 13.186
94.21149306 26.90947049 82.000 13.169
94.19484028 26.89282118 81.000 13.145
94.17818750 26.89282118 82.000 13.129
94.16153472 26.89282118 81.000 13.112
94.14488194 26.87617187 80.000 13.089
94.12822917 26.87617187 80.000 13.072
94.11157639 26.87617187 79.000 13.055
94.09492361 26.89282118 78.000 13.032
94.07827083 26.89282118 77.000 13.015
94.06161806 26.87617187 80.000 12.991
94.04496528 26.87617187 79.000 12.975
94.02831250 26.87617187 78.000 12.958
94.01165972 26.89282118 78.000 12.935
93.99500694 26.89282118 77.000 12.918
93.97835417 26.89282118 76.000 12.901
93.96170139 26.89282118 76.000 12.885
93.94504861 26.89282118 77.000 12.868
93.92839583 26.87617187 77.000 12.844
93.91174306 26.85952257 76.000 12.821
93.89509028 26.84287326 75.000 12.797
93.87843750 26.84287326 75.000 12.781
93.86178472 26.82622396 75.000 12.757
93.84513194 26.82622396 76.000 12.741
93.82847917 26.80957465 74.000 12.717
93.81182639 26.80957465 74.000 12.700
93.79517361 26.79292535 75.000 12.677
93.77852083 26.77627604 75.000 12.653
93.76186806 26.75962674 73.000 12.630
93.74521528 26.74297743 75.000 12.606
93.72856250 26.74297743 74.000 12.589
93.71190972 26.72632812 76.000 12.566
93.69525694 26.74297743 76.000 12.542
93.67860417 26.74297743 74.000 12.526
93.66195139 26.72632812 71.000 12.502
93.64529861 26.72632812 73.000 12.486
93.62864583 26.72632812 72.000 12.469
93.61199306 26.72632812 74.000 12.452
93.59534028 26.74297743 72.000 12.429
93.57868750 26.72632812 72.000 12.405
93.56203472 26.72632812 68.000 12.388
93.54538194 26.72632812 68.000 12.372
93.52872917 26.74297743 73.000 12.348
93.51207639 26.74297743 70.000 12.332
93.49542361 26.75962674 66.000 12.308
93.47877083 26.75962674 68.000 12.291
93.46211806 26.75962674 68.000 12.275
93.44546528 26.75962674 66.000 12.258
93.42881250 26.75962674 65.000 12.241
93.41215972 26.74297743 69.000 12.218
93.39550694 26.75962674 71.000 12.194
93.37885417 26.75962674 70.000 12.178
93.36220139 26.74297743 70.000 12.154
93.36220139 26.72632812 69.000 12.138
93.34554861 26.70967882 65.000 12.114
93.32889583 26.70967882 66.000 12.097
93.31224306 26.69302951 68.000 12.074
93.29559028 26.69302951 68.000 12.057
93.27893750 26.67638021 65.000 12.034
93.26228472 26.67638021 69.000 12.017
93.24563194 26.67638021 66.000 12.000
93.22897917 26.67638021 67.000 11.984
93.21232639 26.65973090 66.000 11.960
93.19567361 26.64308160 66.000 11.937
93.17902083 26.64308160 67.000 11.920
93.16236806 26.62643229 68.000 11.896
93.14571528 26.62643229 68.000 11.880
93.12906250 26.62643229 66.000 11.863
93.11240972 26.62643229 65.000 11.846
93.09575694 26.60978299 67.000 11.823
93.07910417 26.62643229 68.000 11.799
93.06245139 26.62643229 67.000 11.783
93.04579861 26.62643229 67.000 11.766
93.02914583 26.62643229 62.000 11.749
93.01249306 26.62643229 64.000 11.733
92.99584028 26.62643229 67.000 11.716
92.97918750 26.62643229 66.000 11.699
92.96253472 26.62643229 68.000 11.683
92.94588194 26.62643229 68.000 11.666
92.92922917 26.62643229 61.000 11.649
92.91257639 26.60978299 65.000 11.626
92.89592361 26.60978299 65.000 11.609
92.87927083 26.60978299 65.000 11.593
92.86261806 26.59313368 67.000 11.569
92.84596528 26.60978299 62.000 11.545
92.82931250 26.59313368 62.000 11.522
92.81265972 26.60978299 61.000 11.498
92.79600694 26.60978299 57.000 11.482
92.77935417 26.60978299 62.000 11.465
92.76270139 26.60978299 61.000 11.448
92.74604861 26.60978299 60.000 11.432
92.72939583 26.60978299 62.000 11.415
92.71274306 26.59313368 61.000 11.392
92.69609028 26.59313368 58.000 11.375
92.67943750 26.60978299 61.000 11.351
92.66278472 26.60978299 62.000 11.335
92.64613194 26.62643229 61.000 11.311
92.62947917 26.62643229 60.000 11.294
92.61282639 26.62643229 61.000 11.278
92.59617361 26.60978299 61.000 11.254
92.57952083 26.60978299 56.000 11.238
92.56286806 26.59313368 59.000 11.214
92.54621528 26.59313368 59.000 11.197
92.52956250 26.59313368 56.000 11.181
92.51290972 26.57648437 58.000 11.157
92.51290972 26.55983507 57.000 11.141
92.49625694 26.55983507 57.000 11.124
92.47960417 26.55983507 56.000 11.107
92.46295139 26.55983507 55.000 11.091
92.44629861 26.55983507 55.000 11.074
92.42964583 26.54318576 56.000 11.050
92.41299306 26.54318576 55.000 11.034
92.39634028 26.52653646 54.000 11.010
92.37968750 26.50988715 54.000 10.987
92.36303472 26.50988715 55.000 10.970
92.34638194 26.50988715 55.000 10.953
92.32972917 26.49323785 54.000 10.930
92.31307639 26.47658854 53.000 10.906
92.29642361 26.45993924 55.000 10.883
92.27977083 26.45993924 52.000 10.866
92.26311806 26.45993924 52.000 10.849
92.24646528 26.45993924 51.000 10.833
92.22981250 26.45993924 50.000 10.816
92.21315972 26.44328993 53.000 10.793
92.19650694 26.42664062 52.000 10.769
92.17985417 26.40999132 51.000 10.745
92.16320139 26.39334201 52.000 10.722
92.14654861 26.37669271 53.000 10.698
92.12989583 26.36004340 51.000 10.675
92.11324306 26.34339410 51.000 10.651
92.09659028 26.32674479 48.000 10.628
92.07993750 26.31009549 52.000 10.604
92.06328472 26.31009549 51.000 10.588
92.04663194 26.29344618 53.000 10.564
92.02997917 26.29344618 51.000 10.547
92.01332639 26.29344618 51.000 10.531
91.99667361 26.29344618 50.000 10.514
91.98002083 26.29344618 46.000 10.497
91.96336806 26.27679687 48.000 10.474
91.94671528 26.26014757 47.000 10.450
91.93006250 26.26014757 47.000 10.434
91.91340972 26.24349826 48.000 10.410
91.89675694 26.24349826 46.000 10.393
91.88010417 26.22684896 50.000 10.370
91.86345139 26.22684896 48.000 10.353
91.84679861 26.22684896 49.000 10.337
91.83014583 26.22684896 47.000 10.320
91.81349306 26.22684896 45.000 10.303
91.79684028 26.21019965 53.000 10.280
91.78018750 26.21019965 45.000 10.263
91.76353472 26.21019965 45.000 10.246
91.74688194 26.19355035 48.000 10.223
91.73022917 26.19355035 51.000 10.206
91.71357639 26.21019965 51.000 10.183
91.71357639 26.22684896 51.000 10.166
91.71357639 26.24349826 53.000 10.149
91.69692361 26.26014757 53.000 10.126
91.68027083 26.26014757 50.000 10.109
91.68027083 26.24349826 50.000 10.092
91.66361806 26.22684896 49.000 10.069
91.64696528 26.21019965 50.000 10.045
91.63031250 26.19355035 46.000 10.022
91.61365972 26.17690104 45.000 9.998
91.59700694 26.16025174 46.000 9.975
91.58035417 26.16025174 46.000 9.958
91.56370139 26.14360243 47.000 9.935
91.54704861 26.14360243 43.000 9.918
91.53039583 26.14360243 43.000 9.901
91.51374306 26.14360243 44.000 9.885
91.49709028 26.14360243 44.000 9.868
91.48043750 26.16025174 45.000 9.844
91.46378472 26.17690104 46.000 9.821
91.44713194 26.19355035 44.000 9.797
91.43047917 26.19355035 44.000 9.781
91.41382639 26.21019965 43.000 9.757
91.39717361 26.22684896 43.000 9.734
91.38052083 26.22684896 43.000 9.717
91.36386806 26.22684896 42.000 9.700
91.34721528 26.22684896 43.000 9.684
91.33056250 26.22684896 41.000 9.667
91.31390972 26.22684896 41.000 9.650
91.29725694 26.22684896 40.000 9.634
91.28060417 26.24349826 40.000 9.610
91.26395139 26.22684896 41.000 9.587
91.24729861 26.21019965 41.000 9.563
91.23064583 26.19355035 40.000 9.539
91.21399306 26.17690104 39.000 9.516
91.19734028 26.19355035 39.000 9.492
91.18068750 26.21019965 38.000 9.469
91.16403472 26.21019965 37.000 9.452
91.14738194 26.22684896 38.000 9.429
91.13072917 26.22684896 37.000 9.412
91.11407639 26.21019965 38.000 9.388
91.09742361 26.21019965 38.000 9.372
91.08077083 26.21019965 37.000 9.355
91.06411806 26.21019965 38.000 9.338
91.04746528 26.21019965 37.000 9.322
91.03081250 26.19355035 36.000 9.298
91.01415972 26.19355035 36.000 9.282
90.99750694 26.21019965 36.000 9.258
90.98085417 26.21019965 34.000 9.241
90.96420139 26.21019965 34.000 9.225
90.94754861 26.21019965 35.000 9.208
90.93089583 26.21019965 33.000 9.191
90.91424306 26.19355035 34.000 9.168
90.89759028 26.19355035 34.000 9.151
90.88093750 26.19355035 34.000 9.135
90.86428472 26.19355035 34.000 9.118
90.84763194 26.19355035 34.000 9.101
90.83097917 26.19355035 34.000 9.085
90.81432639 26.17690104 34.000 9.061
90.79767361 26.19355035 34.000 9.038
90.78102083 26.19355035 33.000 9.021
90.76436806 26.19355035 32.000 9.004
90.74771528 26.19355035 32.000 8.988
90.73106250 26.19355035 33.000 8.971
90.71440972 26.19355035 32.000 8.954
90.69775694 26.19355035 31.000 8.938
90.68110417 26.19355035 31.000 8.921
90.66445139 26.19355035 31.000 8.904
90.64779861 26.21019965 33.000 8.881
90.63114583 26.21019965 31.000 8.864
90.61449306 26.21019965 32.000 8.847
90.59784028 26.21019965 31.000 8.831
90.58118750 26.21019965 29.000 8.814
90.56453472 26.21019965 30.000 8.797
90.54788194 26.22684896 30.000 8.774
90.53122917 26.22684896 29.000 8.757
90.51457639 26.21019965 33.000 8.734
90.49792361 26.19355035 31.000 8.710
90.48127083 26.17690104 33.000 8.687
90.48127083 26.16025174 32.000 8.670
90.46461806 26.14360243 31.000 8.646
90.44796528 26.12695312 33.000 8.623
90.43131250 26.12695312 32.000 8.606
90.41465972 26.14360243 32.000 8.583
90.39800694 26.14360243 31.000 8.566
90.38135417 26.12695312 32.000 8.542
90.36470139 26.12695312 32.000 8.526
90.34804861 26.12695312 29.000 8.509
90.33139583 26.11030382 28.000 8.486
90.31474306 26.09365451 27.000 8.462
90.29809028 26.09365451 28.000 8.445
90.28143750 26.09365451 30.000 8.429
90.26478472 26.11030382 29.000 8.405
90.24813194 26.09365451 29.000 8.382
90.23147917 26.09365451 27.000 8.365
90.21482639 26.09365451 27.000 8.348
90.19817361 26.07700521 28.000 8.325
90.18152083 26.06035590 27.000 8.301
90.16486806 26.06035590 27.000 8.285
90.14821528 26.06035590 28.000 8.268
90.13156250 26.06035590 28.000 8.251
90.11490972 26.06035590 27.000 8.235
90.09825694 26.04370660 28.000 8.211
90.08160417 26.04370660 28.000 8.194
90.06495139 26.04370660 27.000 8.178
90.04829861 26.02705729 26.000 8.154
90.04829861 26.01040799 26.000 8.138
90.06495139 25.99375868 27.000 8.114
90.06495139 25.97710937 26.000 8.097
90.04829861 25.96046007 27.000 8.074
90.03164583 25.94381076 27.000 8.050
90.01499306 25.92716146 25.000 8.027
90.01499306 25.91051215 25.000 8.010
90.01499306 25.89386285 25.000 7.993
89.99834028 25.87721354 27.000 7.970
89.98168750 25.87721354 24.000 7.953
89.96503472 25.86056424 25.000 7.930
89.94838194 25.84391493 25.000 7.906
89.93172917 25.84391493 24.000 7.890
89.91507639 25.86056424 23.000 7.866
89.89842361 25.84391493 23.000 7.842
89.88177083 25.82726562 22.000 7.819
89.88177083 25.81061632 22.000 7.802
89.88177083 25.79396701 22.000 7.786
89.88177083 25.77731771 22.000 7.769
89.88177083 25.76066840 21.000 7.752
89.86511806 25.74401910 21.000 7.729
89.84846528 25.74401910 21.000 7.712
89.83181250 25.72736979 21.000 7.689
89.81515972 25.72736979 21.000 7.672
89.79850694 25.72736979 22.000 7.655
89.78185417 25.72736979 20.000 7.639
89.76520139 25.71072049 20.000 7.615
89.74854861 25.69407118 18.000 7.591
89.74854861 25.67742187 19.000 7.575
89.73189583 25.66077257 19.000 7.551
89.71524306 25.64412326 18.000 7.528
89.71524306 25.62747396 18.000 7.511
89.71524306 25.61082465 18.000 7.494
89.73189583 25.59417535 18.000 7.471
89.73189583 25.57752604 17.000 7.454
89.73189583 25.56087674 17.000 7.438
89.73189583 25.54422743 17.000 7.421
89.73189583 25.52757812 18.000 7.404
89.74854861 25.51092882 16.000 7.381
89.73189583 25.49427951 17.000 7.357
89.73189583 25.47763021 16.000 7.341
89.71524306 25.46098090 16.000 7.317
89.69859028 25.44433160 16.000 7.293
89.69859028 25.42768229 16.000 7.277
89.68193750 25.41103299 17.000 7.253
89.66528472 25.39438368 17.000 7.230
89.64863194 25.37773437 17.000 7.206
89.64863194 25.36108507 17.000 7.189
89.64863194 25.34443576 16.000 7.173
89.64863194 25.32778646 17.000 7.156
89.66528472 25.31113715 16.000 7.133
89.66528472 25.29448785 17.000 7.116
89.66528472 25.27783854 17.000 7.099
89.68193750 25.26118924 16.000 7.076
89.69859028 25.24453993 16.000 7.052
89.69859028 25.22789062 15.000 7.036
89.69859028 25.21124132 15.000 7.019
89.69859028 25.19459201 16.000 7.002
89.71524306 25.17794271 15.000 6.979
89.69859028 25.16129340 16.000 6.955
89.69859028 25.14464410 15.000 6.939
89.69859028 25.12799479 14.000 6.922
89.69859028 25.11134549 14.000 6.905
89.68193750 25.09469618 14.000 6.882
89.66528472 25.07804687 15.000 6.858
89.64863194 25.06139757 11.000 6.835
89.63197917 25.04474826 15.000 6.811
89.63197917 25.02809896 13.000 6.794
89.64863194 25.01144965 12.000 6.771
89.63197917 24.99480035 13.000 6.747
89.63197917 24.97815104 11.000 6.731
89.63197917 24.96150174 11.000 6.714
89.63197917 24.94485243 11.000 6.697
89.63197917 24.92820312 13.000 6.681
89.63197917 24.91155382 13.000 6.664
89.63197917 24.89490451 11.000 6.647
89.63197917 24.87825521 11.000 6.631
89.64863194 24.86160590 12.000 6.607
89.64863194 24.84495660 12.000 6.591
89.63197917 24.82830729 12.000 6.567
89.63197917 24.81165799 12.000 6.550
89.63197917 24.79500868 10.000 6.534
89.63197917 24.77835937 10.000 6.517
89.64863194 24.76171007 10.000 6.494
89.66528472 24.74506076 10.000 6.470
89.68193750 24.72841146 10.000 6.446
89.69859028 24.71176215 12.000 6.423
89.69859028 24.69511285 11.000 6.406
89.68193750 24.67846354 10.000 6.383
89.68193750 24.66181424 10.000 6.366
89.69859028 24.64516493 11.000 6.343
89.69859028 24.62851562 9.000 6.326
89.69859028 24.61186632 10.000 6.309
89.69859028 24.59521701 9.000 6.293
89.69859028 24.57856771 10.000 6.276
89.69859028 24.56191840 8.000 6.259
89.71524306 24.54526910 9.000 6.236
89.73189583 24.52861979 10.000 6.212
89.73189583 24.51197049 8.000 6.196
89.74854861 24.49532118 9.000 6.172
89.76520139 24.47867187 10.000 6.148
89.78185417 24.46202257 9.000 6.125
89.79850694 24.44537326 9.000 6.101
89.79850694 24.42872396 9.000 6.085
89.79850694 24.41207465 8.000 6.068
89.79850694 24.39542535 6.000 6.051
89.79850694 24.37877604 6.000 6.035
89.79850694 24.36212674 7.000 6.018
89.79850694 24.34547743 8.000 6.001
89.79850694 24.32882812 7.000 5.985
89.79850694 24.31217882 6.000 5.968
89.79850694 24.29552951 8.000 5.951
89.79850694 24.27888021 6.000 5.935
89.78185417 24.26223090 7.000 5.911
89.76520139 24.24558160 6.000 5.888
89.74854861 24.22893229 6.000 5.864
89.74854861 24.21228299 7.000 5.848
89.73189583 24.19563368 4.000 5.824
89.73189583 24.17898437 4.000 5.807
89.73189583 24.16233507 5.000 5.791
89.71524306 24.14568576 7.000 5.767
89.71524306 24.12903646 3.000 5.750
89.69859028 24.11238715 5.000 5.727
89.69859028 24.09573785 3.000 5.710
89.68193750 24.07908854 6.000 5.687
89.68193750 24.06243924 4.000 5.670
89.68193750 24.04578993 2.000 5.653
89.68193750 24.02914062 2.000 5.637
89.68193750 24.01249132 2.000 5.620
89.68193750 23.99584201 5.000 5.603
89.66528472 23.97919271 6.000 5.580
89.66528472 23.96254340 5.000 5.563
89.68193750 23.94589410 3.000 5.540
89.69859028 23.92924479 5.000 5.516
89.69859028 23.91259549 5.000 5.500
89.69859028 23.89594618 3.000 5.483
89.69859028 23.87929687 1.000 5.466
89.69859028 23.86264757 2.000 5.450
89.71524306 23.84599826 5.000 5.426
89.73189583 23.82934896 2.000 5.403
89.74854861 23.81269965 2.000 5.379
89.76520139 23.81269965 1.000 5.362
89.78185417 23.81269965 1.000 5.346
89.79850694 23.79605035 1.000 5.322
89.81515972 23.77940104 0.000 5.299
89.83181250 23.76275174 1.000 5.275
89.84846528 23.74610243 1.000 5.251
89.86511806 23.72945312 1.000 5.228
89.88177083 23.71280382 1.000 5.204
89.89842361 23.69615451 1.000 5.181
89.91507639 23.67950521 1.000 5.157
89.93172917 23.66285590 1.000 5.134
89.94838194 23.64620660 1.000 5.110
89.96503472 23.62955729 0.000 5.087
89.98168750 23.61290799 1.000 5.063
89.99834028 23.59625868 1.000 5.040
90.01499306 23.59625868 0.000 5.023
90.03164583 23.57960937 1.000 4.999
90.04829861 23.56296007 1.000 4.976
90.06495139 23.54631076 1.000 4.952
90.08160417 23.52966146 1.000 4.929
90.09825694 23.51301215 1.000 4.905
90.11490972 23.49636285 1.000 4.882
90.13156250 23.47971354 1.000 4.858
90.14821528 23.46306424 1.000 4.834
90.16486806 23.44641493 1.000 4.811
90.18152083 23.44641493 1.000 4.794
90.19817361 23.44641493 1.000 4.778
90.21482639 23.44641493 1.000 4.761
90.23147917 23.44641493 1.000 4.744
90.24813194 23.44641493 1.000 4.728
90.26478472 23.44641493 1.000 4.711
90.28143750 23.44641493 0.000 4.694
90.29809028 23.44641493 0.000 4.678
90.31474306 23.42976562 0.000 4.654
90.33139583 23.42976562 0.000 4.638
90.34804861 23.41311632 0.000 4.614
90.36470139 23.41311632 0.000 4.597
90.38135417 23.39646701 0.000 4.574
90.39800694 23.39646701 0.000 4.557
90.41465972 23.37981771 0.000 4.534
90.43131250 23.36316840 0.000 4.510
90.44796528 23.34651910 0.000 4.486
90.46461806 23.32986979 0.000 4.463
90.48127083 23.32986979 0.000 4.446
90.49792361 23.32986979 0.000 4.430
90.51457639 23.32986979 0.000 4.413
90.53122917 23.31322049 0.000 4.389
90.54788194 23.32986979 0.000 4.366
90.56453472 23.32986979 0.000 4.349
90.58118750 23.32986979 0.000 4.333
90.59784028 23.31322049 0.000 4.309
90.59784028 23.29657118 0.000 4.292
90.61449306 23.27992187 0.000 4.269
90.61449306 23.26327257 0.000 4.252
90.63114583 23.24662326 0.000 4.229
90.63114583 23.22997396 -3.000 4.212
90.63114583 23.21332465 -11.000 4.195
90.63114583 23.19667535 -13.000 4.179
90.63114583 23.18002604 -16.000 4.162
90.63114583 23.16337674 -17.000 4.145
90.63114583 23.14672743 -18.000 4.129
90.63114583 23.13007812 -19.000 4.112
90.63114583 23.11342882 -18.000 4.095
90.63114583 23.09677951 -16.000 4.079
90.63114583 23.08013021 -16.000 4.062
90.63114583 23.06348090 -14.000 4.045
90.63114583 23.04683160 -15.000 4.029
90.63114583 23.03018229 -15.000 4.012
90.63114583 23.01353299 -15.000 3.996
90.63114583 22.99688368 -15.000 3.979
90.64779861 22.98023437 -11.000 3.955
90.66445139 22.96358507 -11.000 3.932
90.68110417 22.94693576 -5.000 3.908
90.68110417 22.93028646 -12.000 3.892
90.69775694 22.91363715 -9.000 3.868
90.71440972 22.89698785 -6.000 3.844
90.73106250 22.88033854 -7.000 3.821
90.74771528 22.86368924 -11.000 3.797
90.76436806 22.84703993 -10.000 3.774
90.76436806 22.83039062 -10.000 3.757
90.76436806 22.81374132 -10.000 3.741
90.76436806 22.79709201 -10.000 3.724
90.76436806 22.78044271 -10.000 3.707
90.78102083 22.76379340 -7.000 3.684
90.78102083 22.74714410 -8.000 3.667
90.79767361 22.73049479 -6.000 3.644
90.81432639 22.71384549 -4.000 3.620
90.81432639 22.69719618 -9.000 3.603
90.83097917 22.68054687 -6.000 3.580
90.83097917 22.66389757 -10.000 3.563
90.83097917 22.64724826 -11.000 3.546
90.83097917 22.63059896 -10.000 3.530
90.83097917 22.61394965 -8.000 3.513
90.83097917 22.59730035 -6.000 3.497
90.83097917 22.58065104 -5.000 3.480
90.83097917 22.56400174 -6.000 3.463
90.84763194 22.54735243 -6.000 3.440
90.86428472 22.53070312 -6.000 3.416
90.88093750 22.51405382 -5.000 3.393
90.89759028 22.49740451 -3.000 3.369
90.91424306 22.48075521 -5.000 3.345
90.91424306 22.46410590 -5.000 3.329
90.91424306 22.44745660 -5.000 3.312
90.91424306 22.43080729 -5.000 3.296
90.91424306 22.41415799 -7.000 3.279
90.91424306 22.39750868 -11.000 3.262
90.91424306 22.38085937 -17.000 3.246
90.91424306 22.36421007 -25.000 3.229
90.91424306 22.34756076 -32.000 3.212
90.91424306 22.33091146 -28.000 3.196
90.91424306 22.31426215 -13.000 3.179
90.93089583 22.29761285 -3.000 3.155
90.93089583 22.28096354 -3.000 3.139
90.93089583 22.26431424 -6.000 3.122
90.91424306 22.24766493 -3.000 3.099
90.91424306 22.23101562 -4.000 3.082
90.89759028 22.21436632 -4.000 3.058
90.88093750 22.19771701 -6.000 3.035
90.86428472 22.18106771 -3.000 3.011
90.86428472 22.16441840 -6.000 2.995
90.84763194 22.14776910 -4.000 2.971
90.84763194 22.13111979 -4.000 2.954
90.84763194 22.11447049 -5.000 2.938
90.83097917 22.09782118 -4.000 2.914
90.81432639 22.08117187 -5.000 2.891
90.79767361 22.06452257 -6.000 2.867
90.78102083 22.04787326 -4.000 2.844
90.76436806 22.03122396 -6.000 2.820
90.74771528 22.01457465 -4.000 2.797
90.74771528 21.99792535 -4.000 2.780
90.73106250 21.98127604 -8.000 2.756
90.71440972 21.96462674 -4.000 2.733
90.71440972 21.94797743 -8.000 2.716
90.69775694 21.93132812 -4.000 2.693
90.68110417 21.91467882 -6.000 2.669
90.66445139 21.89802951 -4.000 2.645
90.66445139 21.88138021 -6.000 2.629
90.66445139 21.86473090 -5.000 2.612
90.66445139 21.84808160 -5.000 2.596
90.66445139 21.83143229 -3.000 2.579
90.66445139 21.81478299 -3.000 2.562
90.66445139 21.79813368 -3.000 2.546
90.64779861 21.78148437 -3.000 2.522
90.63114583 21.76483507 -4.000 2.498
90.61449306 21.76483507 -4.000 2.482
90.59784028 21.76483507 -5.000 2.465
90.58118750 21.76483507 -5.000 2.449
90.56453472 21.78148437 -5.000 2.425
90.54788194 21.78148437 -5.000 2.408
90.53122917 21.78148437 -4.000 2.392
90.51457639 21.76483507 -6.000 2.368
90.49792361 21.74818576 -5.000 2.345
90.48127083 21.73153646 -4.000 2.321
90.48127083 21.71488715 -6.000 2.304
90.48127083 21.69823785 -5.000 2.288
90.48127083 21.68158854 -4.000 2.271
90.48127083 21.66493924 -5.000 2.254
90.48127083 21.64828993 -4.000 2.238
90.48127083 21.63164062 -4.000 2.221
90.49792361 21.61499132 -4.000 2.198
90.49792361 21.59834201 -5.000 2.181
90.49792361 21.58169271 -5.000 2.164
90.49792361 21.56504340 -5.000 2.148
90.48127083 21.54839410 -4.000 2.124
90.46461806 21.53174479 -5.000 2.101
90.44796528 21.51509549 -5.000 2.077
90.43131250 21.49844618 -5.000 2.053
90.41465972 21.48179687 -5.000 2.030
90.41465972 21.46514757 -6.000 2.013
90.39800694 21.44849826 -6.000 1.990
90.39800694 21.43184896 -7.000 1.973
90.39800694 21.41519965 -8.000 1.956
90.39800694 21.39855035 -7.000 1.940
90.41465972 21.38190104 -7.000 1.916
90.41465972 21.36525174 -8.000 1.900
90.41465972 21.34860243 -8.000 1.883
90.41465972 21.33195312 -7.000 1.866
90.41465972 21.31530382 -7.000 1.850
90.41465972 21.29865451 -8.000 1.833
90.41465972 21.28200521 -10.000 1.816
90.41465972 21.26535590 -12.000 1.800
90.41465972 21.24870660 -16.000 1.783
90.41465972 21.23205729 -19.000 1.766
90.41465972 21.21540799 -21.000 1.750
90.41465972 21.19875868 -22.000 1.733
90.41465972 21.18210937 -23.000 1.716
90.39800694 21.16546007 -27.000 1.693
90.38135417 21.14881076 -37.000 1.669
90.38135417 21.13216146 -46.000 1.653
90.38135417 21.11551215 -56.000 1.636
90.38135417 21.09886285 -64.000 1.619
90.36470139 21.08221354 -73.000 1.596
90.36470139 21.06556424 -78.000 1.579
90.34804861 21.04891493 -81.000 1.556
90.34804861 21.03226562 -83.000 1.539
90.34804861 21.01561632 -84.000 1.522
90.33139583 20.99896701 -83.000 1.499
90.31474306 20.99896701 -84.000 1.482
90.29809028 20.99896701 -86.000 1.465
90.28143750 20.98231771 -89.000 1.442
90.26478472 20.96566840 -86.000 1.418
90.26478472 20.94901910 -86.000 1.402
90.26478472 20.93236979 -86.000 1.385
90.28143750 20.91572049 -86.000 1.362
90.29809028 20.89907118 -87.000 1.338
90.31474306 20.88242187 -89.000 1.314
90.33139583 20.86577257 -89.000 1.291
90.34804861 20.84912326 -86.000 1.267
90.36470139 20.83247396 -87.000 1.244
90.38135417 20.81582465 -86.000 1.220
90.39800694 20.83247396 -88.000 1.197
90.41465972 20.83247396 -91.000 1.180
90.43131250 20.81582465 -97.000 1.156
90.44796528 20.81582465 -104.000 1.140
90.46461806 20.81582465 -111.000 1.123
90.46461806 20.79917535 -115.000 1.107
90.46461806 20.78252604 -114.000 1.090
90.46461806 20.76587674 -113.000 1.073
90.44796528 20.74922743 -108.000 1.050
90.43131250 20.73257812 -109.000 1.026
90.43131250 20.71592882 -114.000 1.009
90.43131250 20.69927951 -115.000 0.993
90.43131250 20.68263021 -114.000 0.976
90.43131250 20.66598090 -115.000 0.960
90.41465972 20.64933160 -109.000 0.936
90.39800694 20.63268229 -112.000 0.912
90.39800694 20.61603299 -113.000 0.896
90.39800694 20.59938368 -110.000 0.879
90.39800694 20.58273437 -107.000 0.862
90.39800694 20.56608507 -107.000 0.846
90.39800694 20.54943576 -108.000 0.829
90.39800694 20.53278646 -110.000 0.813
90.39800694 20.51613715 -111.000 0.796
90.39800694 20.49948785 -114.000 0.779
90.38135417 20.48283854 -108.000 0.756
90.38135417 20.46618924 -114.000 0.739
90.38135417 20.44953993 -119.000 0.722
90.36470139 20.43289062 -109.000 0.699
90.36470139 20.41624132 -114.000 0.682
90.34804861 20.39959201 -108.000 0.659
90.33139583 20.38294271 -113.000 0.635
90.31474306 20.38294271 -124.000 0.618
90.29809028 20.36629340 -137.000 0.595
90.28143750 20.34964410 -143.000 0.571
90.26478472 20.34964410 -138.000 0.555
90.24813194 20.34964410 -119.000 0.538
90.23147917 20.36629340 -115.000 0.514
90.21482639 20.36629340 -132.000 0.498
90.19817361 20.34964410 -146.000 0.474
90.18152083 20.33299479 -146.000 0.451
90.16486806 20.31634549 -135.000 0.427
90.14821528 20.29969618 -127.000 0.404
90.14821528 20.28304687 -133.000 0.387
90.14821528 20.26639757 -139.000 0.370
90.13156250 20.24974826 -147.000 0.347
90.11490972 20.23309896 -153.000 0.323
90.11490972 20.21644965 -167.000 0.307
90.11490972 20.19980035 -196.000 0.290
90.11490972 20.18315104 -246.000 0.273
90.11490972 20.16650174 -319.000 0.257
90.11490972 20.14985243 -405.000 0.240
90.11490972 20.13320312 -494.000 0.223
90.11490972 20.11655382 -581.000 0.207
90.11490972 20.09990451 -669.000 0.190
90.11490972 20.08325521 -759.000 0.173
90.11490972 20.06660590 -840.000 0.157
90.11490972 20.04995660 -905.000 0.140
90.11490972 20.03330729 -949.000 0.123
90.09825694 20.01665799 -997.000 0.100
90.08160417 20.01665799 -1028.000 0.083
90.06495139 20.01665799 -1073.000 0.067
90.04829861 20.01665799 -1126.000 0.050
90.03164583 20.01665799 -1169.000 0.033
90.01499306 20.01665799 -1193.000 0.017
